   2.3132e+02   1.7510e+01
   1.8013e+02   1.5448e+01
   1.3283e+02   1.1922e+01
   83.0086    8.0812
   42.0416    4.9704
   18.3906    4.8836
   16.0646    5.7431
   20.2894    5.3761
   18.9123    4.5531
   14.7561    3.8482
   9.8410   3.4062
   7.6026   3.1089
   6.9411   2.9756
   6.9350   2.7998
   6.2211   2.6306
   5.0445   2.5383
   4.2730   2.4083
   3.8300   2.3626
   3.7738   2.3423
   3.7377   2.2647
   3.4762   2.2251
   3.3037   2.1820
   3.1430   2.1305
   2.9903   2.0999
   2.9093   2.0851
   2.8403   2.0781
   2.7680   2.0707
   2.7083   2.0425
   2.6345   2.0009
   2.5542   1.9641
   2.4945   1.9392
   2.4450   1.9243
   2.3977   1.9155
   2.3587   1.9042
   2.3219   1.8891
   2.2836   1.8750
   2.2490   1.8638
   2.2170   1.8552
   2.1863   1.8484
   2.1592   1.8403
   2.1339   1.8296
   2.1089   1.8191
   2.0854   1.8101
   2.0632   1.8029
   2.0418   1.7963
   2.0216   1.7886
   2.0023   1.7793
   1.9835   1.7701
   1.9656   1.7625
   1.9484   1.7564
   1.9318   1.7510
   1.9159   1.7449
   1.9004   1.7381
   1.8855   1.7313
   1.8710   1.7254
   1.8569   1.7203
   1.8432   1.7153
   1.8300   1.7100
   1.8171   1.7045
   1.8046   1.6992
   1.7925   1.6944
   1.7808   1.6901
   1.7693   1.6859
   1.7582   1.6817
   1.7474   1.6773
   1.7368   1.6732
   1.7266   1.6693
   1.7167   1.6656
   1.7070   1.6619
   1.6975   1.6583
   1.6883   1.6546
   1.6794   1.6510
   1.6706   1.6476
   1.6621   1.6444
   1.6538   1.6413
   1.6457   1.6382
   1.6378   1.6352
   1.6301   1.6324
   1.6226   1.6297
   1.6152   1.6271
   1.6080   1.6245
   1.6010   1.6219
   1.5941   1.6194
   1.5873   1.6169
   1.5807   1.6145
   1.5743   1.6121
   1.5679   1.6097
   1.5617   1.6074
   1.5556   1.6051
   1.5496   1.6028
   1.5438   1.6006
   1.5380   1.5984
   1.5324   1.5962
   1.5268   1.5940
   1.5213   1.5918
   1.5160   1.5897
   1.5107   1.5876
   1.5055   1.5855
   1.5004   1.5835
   1.4954   1.5814
   1.4904   1.5794
   1.4856   1.5774
   1.4808   1.5754
   1.4761   1.5735
   1.4714   1.5715
   1.4668   1.5696
   1.4623   1.5677
   1.4579   1.5658
   1.4535   1.5639
   1.4492   1.5620
   1.4449   1.5601
   1.4407   1.5583
   1.4365   1.5565
   1.4324   1.5546
   1.4284   1.5528
   1.4244   1.5511
   1.4205   1.5493
   1.4166   1.5475
   1.4128   1.5457
   1.4090   1.5440
   1.4053   1.5423
   1.4016   1.5405
   1.3979   1.5388
   1.3943   1.5371
   1.3908   1.5354
   1.3873   1.5337
   1.3838   1.5320
   1.3804   1.5304
   1.3770   1.5287
   1.3736   1.5271
   1.3703   1.5254
   1.3670   1.5238
   1.3638   1.5221
   1.3606   1.5205
   1.3574   1.5189
   1.3543   1.5174
   1.3512   1.5158
   1.3481   1.5142
   1.3451   1.5127
   1.3421   1.5111
   1.3391   1.5096
   1.3361   1.5081
   1.3332   1.5065
   1.3303   1.5050
   1.3275   1.5035
   1.3246   1.5020
   1.3218   1.5005
   1.3191   1.4990
   1.3163   1.4975
   1.3136   1.4960
   1.3109   1.4945
   1.3082   1.4930
   1.3055   1.4915
   1.3029   1.4901
   1.3003   1.4886
   1.2977   1.4871
   1.2952   1.4857
   1.2926   1.4842
   1.2901   1.4828
   1.2876   1.4813
   1.2851   1.4799
   1.2827   1.4784
   1.2803   1.4770
   1.2778   1.4756
   1.2754   1.4741
   1.2731   1.4727
   1.2707   1.4713
   1.2684   1.4699
   1.2661   1.4685
   1.2638   1.4671
   1.2615   1.4657
   1.2592   1.4643
   1.2570   1.4629
   1.2548   1.4615
   1.2525   1.4601
   1.2503   1.4587
   1.2482   1.4574
   1.2460   1.4560
   1.2439   1.4546
   1.2417   1.4533
   1.2396   1.4519
   1.2375   1.4506
   1.2355   1.4492
   1.2334   1.4479
   1.2313   1.4465
   1.2293   1.4452
   1.2273   1.4438
   1.2253   1.4425
   1.2233   1.4412
   1.2213   1.4399
   1.2193   1.4386
   1.2174   1.4373
   1.2155   1.4359
   1.2135   1.4346
   1.2116   1.4334
   1.2097   1.4321
   1.2079   1.4308
   1.2060   1.4295
   1.2041   1.4282
   1.2023   1.4270
   1.2005   1.4257
   1.1987   1.4244
   1.1969   1.4232
   1.1951   1.4219
   1.1933   1.4207
   1.1915   1.4195
   1.1898   1.4182
   1.1880   1.4170
   1.1863   1.4158
   1.1846   1.4146
   1.1829   1.4134
   1.1812   1.4122
   1.1795   1.4110
   1.1778   1.4098
   1.1762   1.4086
   1.1745   1.4074
   1.1729   1.4063
   1.1713   1.4051
   1.1696   1.4039
   1.1680   1.4028
   1.1664   1.4017
   1.1649   1.4005
   1.1633   1.3994
   1.1617   1.3983
   1.1602   1.3971
   1.1586   1.3960
   1.1571   1.3949
   1.1556   1.3938
   1.1541   1.3927
   1.1525   1.3917
   1.1511   1.3906
   1.1496   1.3895
   1.1481   1.3884
   1.1466   1.3874
   1.1452   1.3863
   1.1437   1.3853
   1.1423   1.3843
   1.1409   1.3832
   1.1394   1.3822
   1.1380   1.3812
   1.1366   1.3802
   1.1352   1.3792
   1.1338   1.3782
   1.1325   1.3772
   1.1311   1.3762
   1.1297   1.3752
   1.1284   1.3742
   1.1270   1.3733
   1.1257   1.3723
   1.1244   1.3714
   1.1230   1.3704
   1.1217   1.3695
   1.1204   1.3685
   1.1191   1.3676
   1.1178   1.3667
   1.1166   1.3658
   1.1153   1.3649
   1.1140   1.3640
   1.1128   1.3630
   1.1115   1.3622
   1.1103   1.3613
   1.1090   1.3604
   1.1078   1.3595
   1.1066   1.3586
   1.1054   1.3578
   1.1042   1.3569
   1.1030   1.3560
   1.1018   1.3552
   1.1006   1.3543
   1.0994   1.3535
   1.0982   1.3527
   1.0970   1.3518
   1.0959   1.3510
   1.0947   1.3502
   1.0936   1.3494
   1.0924   1.3486
   1.0913   1.3477
   1.0902   1.3469
   1.0891   1.3461
   1.0879   1.3454
   1.0868   1.3446
   1.0857   1.3438
   1.0846   1.3430
   1.0835   1.3422
   1.0825   1.3415
   1.0814   1.3407
   1.0803   1.3399
   1.0792   1.3392
   1.0782   1.3384
   1.0771   1.3377
   1.0761   1.3369
   1.0750   1.3362
   1.0740   1.3355
   1.0729   1.3347
   1.0719   1.3340
   1.0709   1.3333
   1.0699   1.3326
   1.0689   1.3319
   1.0678   1.3312
   1.0668   1.3304
   1.0658   1.3297
   1.0649   1.3291
   1.0639   1.3284
   1.0629   1.3277
   1.0619   1.3270
   1.0609   1.3263
   1.0600   1.3256
   1.0590   1.3250
   1.0581   1.3243
   1.0571   1.3236
   1.0562   1.3230
   1.0552   1.3223
   1.0543   1.3217
   1.0533   1.3210
   1.0524   1.3204
   1.0515   1.3197
   1.0506   1.3191
   1.0496   1.3185
   1.0487   1.3178
   1.0478   1.3172
   1.0469   1.3166
   1.0460   1.3160
   1.0451   1.3154
   1.0442   1.3148
   1.0434   1.3141
   1.0425   1.3135
   1.0416   1.3129
   1.0407   1.3123
   1.0399   1.3117
   1.0390   1.3111
   1.0381   1.3106
   1.0373   1.3100
   1.0364   1.3094
   1.0356   1.3088
   1.0347   1.3082
   1.0339   1.3077
   1.0330   1.3071
   1.0322   1.3065
   1.0314   1.3060
   1.0306   1.3054
   1.0297   1.3049
   1.0289   1.3043
   1.0281   1.3038
   1.0273   1.3032
   1.0265   1.3027
   1.0257   1.3022
   1.0249   1.3016
   1.0241   1.3011
   1.0233   1.3005
   1.0225   1.3000
   1.0217   1.2995
   1.0209   1.2990
   1.0201   1.2984
   1.0193   1.2979
   1.0186   1.2974
   1.0178   1.2969
   1.0170   1.2964
   1.0163   1.2959
   1.0155   1.2953
   1.0147   1.2948
   1.0140   1.2943
   1.0132   1.2938
   1.0125   1.2933
   1.0117   1.2928
   1.0110   1.2923
   1.0102   1.2918
   1.0095   1.2914
   1.0088   1.2909
   1.0080   1.2904
   1.0073   1.2899
   1.0066   1.2894
   1.0058   1.2889
   1.0051   1.2884
   1.0044   1.2880
   1.0037   1.2875
   1.0030   1.2870
   1.0022   1.2865
   1.0015   1.2861
   1.0008   1.2856
   1.0001   1.2851
   0.9994   1.2847
   0.9987   1.2842
   0.9980   1.2837
   0.9973   1.2833
   0.9966   1.2828
   0.9959   1.2824
   0.9953   1.2819
   0.9946   1.2814
   0.9939   1.2810
   0.9932   1.2805
   0.9925   1.2801
   0.9919   1.2797
   0.9912   1.2792
   0.9905   1.2788
   0.9899   1.2783
   0.9892   1.2779
   0.9885   1.2774
   0.9879   1.2770
   0.9872   1.2766
   0.9865   1.2761
   0.9859   1.2757
   0.9852   1.2753
   0.9846   1.2749
   0.9839   1.2744
   0.9833   1.2740
   0.9827   1.2736
   0.9820   1.2732
   0.9814   1.2727
   0.9807   1.2723
   0.9801   1.2719
   0.9795   1.2715
   0.9788   1.2711
   0.9782   1.2707
   0.9776   1.2702
   0.9770   1.2698
   0.9763   1.2694
   0.9757   1.2690
   0.9751   1.2686
   0.9745   1.2682
   0.9739   1.2678
   0.9732   1.2674
   0.9726   1.2670
   0.9720   1.2666
   0.9714   1.2662
   0.9708   1.2658
   0.9702   1.2654
   0.9696   1.2650
   0.9690   1.2646
   0.9684   1.2642
   0.9678   1.2639
   0.9672   1.2635
   0.9666   1.2631
   0.9660   1.2627
   0.9655   1.2623
   0.9649   1.2619
   0.9643   1.2616
   0.9637   1.2612
   0.9631   1.2608
   0.9625   1.2604
   0.9620   1.2600
   0.9614   1.2597
   0.9608   1.2593
   0.9602   1.2589
   0.9597   1.2586
   0.9591   1.2582
   0.9585   1.2578
   0.9580   1.2575
   0.9574   1.2571
   0.9568   1.2567
   0.9563   1.2564
   0.9557   1.2560
   0.9551   1.2557
   0.9546   1.2553
   0.9540   1.2549
   0.9535   1.2546
   0.9529   1.2542
   0.9524   1.2539
   0.9518   1.2535
   0.9513   1.2532
   0.9507   1.2528
   0.9502   1.2525
   0.9497   1.2521
   0.9491   1.2518
   0.9486   1.2514
   0.9480   1.2511
   0.9475   1.2508
   0.9470   1.2504
   0.9464   1.2501
   0.9459   1.2497
   0.9454   1.2494
   0.9448   1.2491
   0.9443   1.2487
   0.9438   1.2484
   0.9433   1.2481
   0.9428   1.2477
   0.9422   1.2474
   0.9417   1.2471
   0.9412   1.2467
   0.9407   1.2464
   0.9402   1.2461
   0.9396   1.2458
   0.9391   1.2454
   0.9386   1.2451
   0.9381   1.2448
   0.9376   1.2445
   0.9371   1.2441
   0.9366   1.2438
   0.9361   1.2435
   0.9356   1.2432
   0.9351   1.2429
   0.9346   1.2426
   0.9341   1.2423
   0.9336   1.2419
   0.9331   1.2416
   0.9326   1.2413
   0.9321   1.2410
   0.9316   1.2407
   0.9311   1.2404
   0.9307   1.2401
   0.9302   1.2398
   0.9297   1.2395
   0.9292   1.2392
   0.9287   1.2389
   0.9282   1.2386
   0.9278   1.2383
   0.9273   1.2380
   0.9268   1.2377
   0.9263   1.2374
   0.9259   1.2371
   0.9254   1.2368
   0.9249   1.2365
   0.9244   1.2362
   0.9240   1.2359
   0.9235   1.2356
   0.9230   1.2353
   0.9226   1.2350
   0.9221   1.2347
   0.9216   1.2345
   0.9212   1.2342
   0.9207   1.2339
   0.9203   1.2336
   0.9198   1.2333
   0.9194   1.2330
   0.9189   1.2327
   0.9184   1.2325
   0.9180   1.2322
   0.9175   1.2319
   0.9171   1.2316
   0.9166   1.2313
   0.9162   1.2311
   0.9158   1.2308
   0.9153   1.2305
   0.9149   1.2302
   0.9144   1.2300
   0.9140   1.2297
   0.9135   1.2294
   0.9131   1.2291
   0.9127   1.2289
   0.9122   1.2286
   0.9118   1.2283
   0.9114   1.2281
   0.9109   1.2278
   0.9105   1.2275
   0.9101   1.2273
   0.9096   1.2270
   0.9092   1.2267
   0.9088   1.2265
   0.9084   1.2262
   0.9079   1.2259
   0.9075   1.2257
   0.9071   1.2254
   0.9067   1.2252
   0.9063   1.2249
   0.9058   1.2246
   0.9054   1.2244
   0.9050   1.2241
   0.9046   1.2239
   0.9042   1.2236
   0.9038   1.2234
   0.9034   1.2231
   0.9030   1.2228
   0.9025   1.2226
   0.9021   1.2223
   0.9017   1.2221
   0.9013   1.2218
   0.9009   1.2216
   0.9005   1.2213
   0.9001   1.2211
   0.8997   1.2209
   0.8993   1.2206
   0.8989   1.2204
   0.8985   1.2201
   0.8981   1.2199
   0.8977   1.2197
   0.8973   1.2194
   0.8969   1.2192
   0.8965   1.2190
   0.8962   1.2188
   0.8958   1.2185
   0.8954   1.2183
   0.8950   1.2181
   0.8946   1.2179
   0.8942   1.2176
   0.8938   1.2174
   0.8934   1.2172
   0.8931   1.2170
   0.8927   1.2168
   0.8923   1.2166
   0.8919   1.2164
   0.8915   1.2161
   0.8912   1.2159
   0.8908   1.2157
   0.8904   1.2155
   0.8900   1.2153
   0.8897   1.2151
   0.8893   1.2149
   0.8889   1.2147
   0.8886   1.2145
   0.8882   1.2143
   0.8878   1.2140
   0.8875   1.2138
   0.8871   1.2136
   0.8867   1.2134
   0.8864   1.2132
   0.8860   1.2130
   0.8856   1.2128
   0.8853   1.2126
   0.8849   1.2124
   0.8845   1.2122
   0.8842   1.2120
   0.8838   1.2118
   0.8835   1.2116
   0.8831   1.2114
   0.8828   1.2112
   0.8824   1.2110
   0.8821   1.2108
   0.8817   1.2106
   0.8814   1.2104
   0.8810   1.2102
   0.8807   1.2100
   0.8803   1.2098
   0.8800   1.2096
   0.8796   1.2094
   0.8793   1.2092
   0.8789   1.2090
   0.8786   1.2088
   0.8782   1.2086
   0.8779   1.2084
   0.8775   1.2083
   0.8772   1.2081
   0.8769   1.2079
   0.8765   1.2077
   0.8762   1.2075
   0.8759   1.2073
   0.8755   1.2071
   0.8752   1.2069
   0.8748   1.2067
   0.8745   1.2065
   0.8742   1.2063
   0.8738   1.2061
   0.8735   1.2060
   0.8732   1.2058
   0.8729   1.2056
   0.8725   1.2054
   0.8722   1.2052
   0.8719   1.2050
   0.8715   1.2048
   0.8712   1.2046
   0.8709   1.2045
   0.8706   1.2043
   0.8702   1.2041
   0.8699   1.2039
   0.8696   1.2037
   0.8693   1.2035
   0.8690   1.2033
   0.8686   1.2032
   0.8683   1.2030
   0.8680   1.2028
   0.8677   1.2026
   0.8674   1.2024
   0.8671   1.2022
   0.8667   1.2021
   0.8664   1.2019
   0.8661   1.2017
   0.8658   1.2015
   0.8655   1.2013
   0.8652   1.2012
   0.8649   1.2010
   0.8646   1.2008
   0.8643   1.2006
   0.8639   1.2004
   0.8636   1.2003
   0.8633   1.2001
   0.8630   1.1999
   0.8627   1.1997
   0.8624   1.1995
   0.8621   1.1994
   0.8618   1.1992
   0.8615   1.1990
   0.8612   1.1988
   0.8609   1.1987
   0.8606   1.1985
   0.8603   1.1983
   0.8600   1.1981
   0.8597   1.1980
   0.8594   1.1978
   0.8591   1.1976
   0.8588   1.1974
   0.8585   1.1973
   0.8582   1.1971
   0.8579   1.1969
   0.8577   1.1967
   0.8574   1.1966
   0.8571   1.1964
   0.8568   1.1962
   0.8565   1.1960
   0.8562   1.1959
   0.8559   1.1957
   0.8556   1.1955
   0.8553   1.1954
   0.8550   1.1952
   0.8548   1.1950
   0.8545   1.1948
   0.8542   1.1947
   0.8539   1.1945
   0.8536   1.1943
   0.8533   1.1942
   0.8531   1.1940
   0.8528   1.1938
   0.8525   1.1937
   0.8522   1.1935
   0.8519   1.1933
   0.8517   1.1932
   0.8514   1.1930
   0.8511   1.1928
   0.8508   1.1927
   0.8505   1.1925
   0.8503   1.1923
   0.8500   1.1922
   0.8497   1.1920
   0.8494   1.1918
   0.8492   1.1917
   0.8489   1.1915
   0.8486   1.1913
   0.8484   1.1912
   0.8481   1.1910
   0.8478   1.1909
   0.8475   1.1907
   0.8473   1.1905
   0.8470   1.1904
   0.8467   1.1902
   0.8465   1.1900
   0.8462   1.1899
   0.8459   1.1897
   0.8457   1.1896
   0.8454   1.1894
   0.8451   1.1892
   0.8449   1.1891
   0.8446   1.1889
   0.8444   1.1888
   0.8441   1.1886
   0.8438   1.1884
   0.8436   1.1883
   0.8433   1.1881
   0.8430   1.1880
   0.8428   1.1878
   0.8425   1.1876
   0.8423   1.1875
   0.8420   1.1873
   0.8418   1.1872
   0.8415   1.1870
   0.8412   1.1869
   0.8410   1.1867
   0.8407   1.1865
   0.8405   1.1864
   0.8402   1.1862
   0.8400   1.1861
   0.8397   1.1859
   0.8395   1.1858
   0.8392   1.1856
   0.8390   1.1855
   0.8387   1.1853
   0.8385   1.1852
   0.8382   1.1850
   0.8380   1.1848
   0.8377   1.1847
   0.8375   1.1845
   0.8372   1.1844
   0.8370   1.1842
   0.8367   1.1841
   0.8365   1.1839
   0.8362   1.1838
   0.8360   1.1836
   0.8357   1.1835
   0.8355   1.1833
   0.8352   1.1832
   0.8350   1.1830
   0.8348   1.1829
   0.8345   1.1827
   0.8343   1.1826
   0.8340   1.1824
   0.8338   1.1823
   0.8335   1.1821
   0.8333   1.1820
   0.8331   1.1818
   0.8328   1.1817
   0.8326   1.1815
   0.8323   1.1814
   0.8321   1.1812
   0.8319   1.1811
   0.8316   1.1809
   0.8314   1.1808
   0.8312   1.1806
   0.8309   1.1805
   0.8307   1.1804
   0.8305   1.1802
   0.8302   1.1801
   0.8300   1.1799
   0.8298   1.1798
   0.8295   1.1796
   0.8293   1.1795
   0.8291   1.1793
   0.8288   1.1792
   0.8286   1.1790
   0.8284   1.1789
   0.8281   1.1788
   0.8279   1.1786
   0.8277   1.1785
   0.8275   1.1783
   0.8272   1.1782
   0.8270   1.1780
   0.8268   1.1779
   0.8265   1.1778
   0.8263   1.1776
   0.8261   1.1775
   0.8259   1.1773
   0.8256   1.1772
   0.8254   1.1771
   0.8252   1.1769
   0.8250   1.1768
   0.8247   1.1766
   0.8245   1.1765
   0.8243   1.1763
   0.8241   1.1762
   0.8238   1.1761
   0.8236   1.1759
   0.8234   1.1758
   0.8232   1.1757
   0.8230   1.1755
   0.8227   1.1754
   0.8225   1.1752
   0.8223   1.1751
   0.8221   1.1750
   0.8219   1.1748
   0.8217   1.1747
   0.8214   1.1745
   0.8212   1.1744
   0.8210   1.1743
   0.8208   1.1741
   0.8206   1.1740
   0.8204   1.1739
   0.8201   1.1737
   0.8199   1.1736
   0.8197   1.1735
   0.8195   1.1733
   0.8193   1.1732
   0.8191   1.1731
   0.8189   1.1729
   0.8186   1.1728
   0.8184   1.1727
   0.8182   1.1725
   0.8180   1.1724
   0.8178   1.1723
   0.8176   1.1721
   0.8174   1.1720
   0.8172   1.1719
   0.8170   1.1717
   0.8168   1.1716
   0.8165   1.1715
   0.8163   1.1713
   0.8161   1.1712
   0.8159   1.1711
   0.8157   1.1709
   0.8155   1.1708
   0.8153   1.1707
   0.8151   1.1705
   0.8149   1.1704
   0.8147   1.1703
   0.8145   1.1702
   0.8143   1.1700
   0.8141   1.1699
   0.8139   1.1698
   0.8137   1.1696
   0.8135   1.1695
   0.8133   1.1694
   0.8131   1.1693
   0.8129   1.1691
   0.8127   1.1690
   0.8125   1.1689
   0.8123   1.1688
   0.8121   1.1686
   0.8119   1.1685
   0.8117   1.1684
   0.8115   1.1683
   0.8113   1.1681
   0.8111   1.1680
   0.8109   1.1679
   0.8107   1.1678
   0.8105   1.1676
   0.8103   1.1675
   0.8101   1.1674
   0.8099   1.1673
   0.8097   1.1672
   0.8095   1.1670
   0.8093   1.1669
   0.8091   1.1668
   0.8089   1.1667
   0.8087   1.1666
   0.8085   1.1664
   0.8083   1.1663
   0.8081   1.1662
   0.8079   1.1661
   0.8077   1.1660
   0.8075   1.1659
   0.8073   1.1657
   0.8072   1.1656
   0.8070   1.1655
   0.8068   1.1654
   0.8066   1.1653
   0.8064   1.1652
   0.8062   1.1650
   0.8060   1.1649
   0.8058   1.1648
   0.8056   1.1647
   0.8054   1.1646
   0.8052   1.1645
   0.8051   1.1644
   0.8049   1.1643
   0.8047   1.1641
   0.8045   1.1640
   0.8043   1.1639
   0.8041   1.1638
   0.8039   1.1637
   0.8038   1.1636
   0.8036   1.1635
   0.8034   1.1634
   0.8032   1.1633
   0.8030   1.1632
   0.8028   1.1630
   0.8026   1.1629
   0.8025   1.1628
   0.8023   1.1627
   0.8021   1.1626
   0.8019   1.1625
   0.8017   1.1624
   0.8015   1.1623
   0.8014   1.1622
   0.8012   1.1621
   0.8010   1.1620
   0.8008   1.1619
   0.8006   1.1618
   0.8005   1.1617
   0.8003   1.1616
   0.8001   1.1615
   0.7999   1.1613
   0.7997   1.1612
   0.7996   1.1611
   0.7994   1.1610
   0.7992   1.1609
   0.7990   1.1608
   0.7988   1.1607
   0.7987   1.1606
   0.7985   1.1605
   0.7983   1.1604
   0.7981   1.1603
   0.7980   1.1602
   0.7978   1.1601
   0.7976   1.1600
   0.7974   1.1599
   0.7973   1.1598
   0.7971   1.1597
   0.7969   1.1596
   0.7967   1.1595
   0.7966   1.1594
   0.7964   1.1593
   0.7962   1.1592
   0.7960   1.1591
   0.7959   1.1590
   0.7957   1.1589
   0.7955   1.1588
   0.7953   1.1587
   0.7952   1.1586
   0.7950   1.1585
   0.7948   1.1584
   0.7947   1.1583
   0.7945   1.1582
   0.7943   1.1581
   0.7941   1.1580
   0.7940   1.1579
   0.7938   1.1578
   0.7936   1.1577
   0.7935   1.1576
   0.7933   1.1575
   0.7931   1.1574
   0.7930   1.1574
   0.7928   1.1573
   0.7926   1.1572
   0.7925   1.1571
   0.7923   1.1570
   0.7921   1.1569
   0.7920   1.1568
   0.7918   1.1567
   0.7916   1.1566
   0.7915   1.1565
   0.7913   1.1564
   0.7911   1.1563
   0.7910   1.1562
   0.7908   1.1561
   0.7906   1.1560
   0.7905   1.1559
   0.7903   1.1558
   0.7901   1.1558
   0.7900   1.1557
   0.7898   1.1556
   0.7897   1.1555
   0.7895   1.1554
   0.7893   1.1553
   0.7892   1.1552
   0.7890   1.1551
   0.7888   1.1550
   0.7887   1.1549
   0.7885   1.1548
   0.7884   1.1548
   0.7882   1.1547
   0.7880   1.1546
   0.7879   1.1545
   0.7877   1.1544
   0.7876   1.1543
   0.7874   1.1542
   0.7873   1.1541
   0.7871   1.1540
   0.7869   1.1540
   0.7868   1.1539
   0.7866   1.1538
   0.7865   1.1537
   0.7863   1.1536
   0.7861   1.1535
   0.7860   1.1534
   0.7858   1.1533
   0.7857   1.1533
   0.7855   1.1532
   0.7854   1.1531
   0.7852   1.1530
   0.7851   1.1529
   0.7849   1.1528
   0.7847   1.1527
   0.7846   1.1527
   0.7844   1.1526
   0.7843   1.1525
   0.7841   1.1524
   0.7840   1.1523
   0.7838   1.1522
   0.7837   1.1522
   0.7835   1.1521
   0.7834   1.1520
   0.7832   1.1519
   0.7831   1.1518
   0.7829   1.1517
   0.7828   1.1517
   0.7826   1.1516
   0.7825   1.1515
   0.7823   1.1514
   0.7822   1.1513
   0.7820   1.1512
   0.7819   1.1512
   0.7817   1.1511
   0.7816   1.1510
   0.7814   1.1509
   0.7813   1.1508
   0.7811   1.1508
   0.7810   1.1507
   0.7808   1.1506
   0.7807   1.1505
   0.7805   1.1504
   0.7804   1.1504
   0.7802   1.1503
   0.7801   1.1502
   0.7799   1.1501
   0.7798   1.1500
   0.7796   1.1500
   0.7795   1.1499
   0.7793   1.1498
   0.7792   1.1497
   0.7791   1.1496
   0.7789   1.1496
   0.7788   1.1495
   0.7786   1.1494
   0.7785   1.1493
   0.7783   1.1492
   0.7782   1.1492
   0.7780   1.1491
   0.7779   1.1490
   0.7778   1.1489
   0.7776   1.1489
   0.7775   1.1488
   0.7773   1.1487
   0.7772   1.1486
   0.7771   1.1486
   0.7769   1.1485
   0.7768   1.1484
   0.7766   1.1483
   0.7765   1.1483
   0.7763   1.1482
   0.7762   1.1481
   0.7761   1.1480
   0.7759   1.1480
   0.7758   1.1479
   0.7756   1.1478
   0.7755   1.1477
   0.7754   1.1477
   0.7752   1.1476
   0.7751   1.1475
   0.7750   1.1474
   0.7748   1.1474
   0.7747   1.1473
   0.7745   1.1472
   0.7744   1.1471
   0.7743   1.1471
   0.7741   1.1470
   0.7740   1.1469
   0.7739   1.1468
   0.7737   1.1468
   0.7736   1.1467
   0.7734   1.1466
   0.7733   1.1466
   0.7732   1.1465
   0.7730   1.1464
   0.7729   1.1463
   0.7728   1.1463
   0.7726   1.1462
   0.7725   1.1461
   0.7724   1.1461
   0.7722   1.1460
   0.7721   1.1459
   0.7720   1.1458
   0.7718   1.1458
   0.7717   1.1457
   0.7716   1.1456
   0.7714   1.1456
   0.7713   1.1455
   0.7712   1.1454
   0.7710   1.1453
   0.7709   1.1453
   0.7708   1.1452
   0.7706   1.1451
   0.7705   1.1451
   0.7704   1.1450
   0.7703   1.1449
   0.7701   1.1449
   0.7700   1.1448
   0.7699   1.1447
   0.7697   1.1447
   0.7696   1.1446
   0.7695   1.1445
   0.7694   1.1445
   0.7692   1.1444
   0.7691   1.1443
   0.7690   1.1443
   0.7688   1.1442
   0.7687   1.1441
   0.7686   1.1440
   0.7685   1.1440
   0.7683   1.1439
   0.7682   1.1438
   0.7681   1.1438
   0.7679   1.1437
   0.7678   1.1436
   0.7677   1.1436
   0.7676   1.1435
   0.7674   1.1435
   0.7673   1.1434
   0.7672   1.1433
   0.7671   1.1433
   0.7669   1.1432
   0.7668   1.1431
   0.7667   1.1431
   0.7666   1.1430
   0.7664   1.1429
   0.7663   1.1429
   0.7662   1.1428
   0.7661   1.1427
   0.7660   1.1427
   0.7658   1.1426
   0.7657   1.1425
   0.7656   1.1425
   0.7655   1.1424
   0.7653   1.1424
   0.7652   1.1423
   0.7651   1.1422
   0.7650   1.1422
   0.7649   1.1421
   0.7647   1.1420
   0.7646   1.1420
   0.7645   1.1419
   0.7644   1.1418
   0.7643   1.1418
   0.7641   1.1417
   0.7640   1.1417
   0.7639   1.1416
   0.7638   1.1415
   0.7637   1.1415
   0.7635   1.1414
   0.7634   1.1414
   0.7633   1.1413
   0.7632   1.1412
   0.7631   1.1412
   0.7629   1.1411
   0.7628   1.1410
   0.7627   1.1410
   0.7626   1.1409
   0.7625   1.1409
   0.7624   1.1408
   0.7622   1.1407
   0.7621   1.1407
   0.7620   1.1406
   0.7619   1.1406
   0.7618   1.1405
   0.7617   1.1404
   0.7615   1.1404
   0.7614   1.1403
   0.7613   1.1403
   0.7612   1.1402
   0.7611   1.1402
   0.7610   1.1401
   0.7609   1.1400
   0.7607   1.1400
   0.7606   1.1399
   0.7605   1.1399
   0.7604   1.1398
   0.7603   1.1397
   0.7602   1.1397
   0.7601   1.1396
   0.7599   1.1396
   0.7598   1.1395
   0.7597   1.1395
   0.7596   1.1394
   0.7595   1.1393
   0.7594   1.1393
   0.7593   1.1392
   0.7592   1.1392
   0.7590   1.1391
   0.7589   1.1391
   0.7588   1.1390
   0.7587   1.1390
   0.7586   1.1389
   0.7585   1.1388
   0.7584   1.1388
   0.7583   1.1387
   0.7582   1.1387
   0.7580   1.1386
   0.7579   1.1386
   0.7578   1.1385
   0.7577   1.1385
   0.7576   1.1384
   0.7575   1.1383
   0.7574   1.1383
   0.7573   1.1382
   0.7572   1.1382
   0.7571   1.1381
   0.7570   1.1381
   0.7568   1.1380
   0.7567   1.1380
   0.7566   1.1379
   0.7565   1.1379
   0.7564   1.1378
   0.7563   1.1378
   0.7562   1.1377
   0.7561   1.1377
   0.7560   1.1376
   0.7559   1.1376
   0.7558   1.1375
   0.7557   1.1374
   0.7556   1.1374
   0.7555   1.1373
   0.7554   1.1373
   0.7552   1.1372
   0.7551   1.1372
   0.7550   1.1371
   0.7549   1.1371
   0.7548   1.1370
   0.7547   1.1370
   0.7546   1.1369
   0.7545   1.1369
   0.7544   1.1368
   0.7543   1.1368
   0.7542   1.1367
   0.7541   1.1367
   0.7540   1.1366
   0.7539   1.1366
   0.7538   1.1365
   0.7537   1.1365
   0.7536   1.1364
   0.7535   1.1364
   0.7534   1.1363
   0.7533   1.1363
   0.7532   1.1362
   0.7531   1.1362
   0.7530   1.1361
   0.7529   1.1361
   0.7528   1.1360
   0.7527   1.1360
   0.7526   1.1359
   0.7525   1.1359
   0.7524   1.1358
   0.7523   1.1358
   0.7522   1.1358
   0.7521   1.1357
   0.7520   1.1357
   0.7519   1.1356
   0.7518   1.1356
   0.7517   1.1355
   0.7516   1.1355
   0.7515   1.1354
   0.7514   1.1354
   0.7513   1.1353
   0.7512   1.1353
   0.7511   1.1352
   0.7510   1.1352
   0.7509   1.1351
   0.7508   1.1351
   0.7507   1.1350
   0.7506   1.1350
   0.7505   1.1350
   0.7504   1.1349
   0.7503   1.1349
   0.7502   1.1348
   0.7501   1.1348
   0.7500   1.1347
   0.7499   1.1347
   0.7498   1.1346
   0.7497   1.1346
   0.7496   1.1345
   0.7495   1.1345
   0.7494   1.1345
   0.7493   1.1344
   0.7492   1.1344
   0.7491   1.1343
   0.7490   1.1343
   0.7489   1.1342
   0.7488   1.1342
   0.7487   1.1341
   0.7486   1.1341
   0.7485   1.1341
   0.7485   1.1340
   0.7484   1.1340
   0.7483   1.1339
   0.7482   1.1339
   0.7481   1.1338
   0.7480   1.1338
   0.7479   1.1338
   0.7478   1.1337
   0.7477   1.1337
   0.7476   1.1336
   0.7475   1.1336
   0.7474   1.1335
   0.7473   1.1335
   0.7472   1.1335
   0.7471   1.1334
   0.7470   1.1334
   0.7470   1.1333
   0.7469   1.1333
   0.7468   1.1332
   0.7467   1.1332
