   2.6002e+02   1.7471e+01
   1.9749e+02   1.5475e+01
   1.4527e+02   1.2835e+01
   1.0234e+02   9.6861e+00
   62.0455    6.8696
   34.4405    5.6763
   22.0034    4.9800
   16.0952    4.2441
   11.5922    3.8598
   10.2443    3.7463
   8.7451   3.4516
   7.2448   3.1938
   6.4575   2.9715
   5.5861   2.7954
   4.8787   2.6580
   4.3906   2.5472
   4.0413   2.4660
   3.7770   2.4014
   3.5773   2.3489
   3.4202   2.3041
   3.2812   2.2647
   3.1469   2.2309
   3.0180   2.2042
   2.9009   2.1851
   2.7986   2.1697
   2.7088   2.1527
   2.6286   2.1349
   2.5571   2.1177
   2.4936   2.1021
   2.4363   2.0883
   2.3835   2.0756
   2.3345   2.0636
   2.2891   2.0517
   2.2468   2.0400
   2.2072   2.0285
   2.1700   2.0178
   2.1351   2.0080
   2.1023   1.9991
   2.0715   1.9909
   2.0424   1.9832
   2.0150   1.9757
   1.9891   1.9684
   1.9645   1.9612
   1.9413   1.9540
   1.9192   1.9470
   1.8982   1.9400
   1.8782   1.9330
   1.8591   1.9262
   1.8408   1.9195
   1.8232   1.9128
   1.8064   1.9063
   1.7903   1.9000
   1.7748   1.8939
   1.7598   1.8880
   1.7454   1.8822
   1.7314   1.8767
   1.7179   1.8713
   1.7049   1.8661
   1.6922   1.8611
   1.6799   1.8563
   1.6680   1.8515
   1.6563   1.8469
   1.6450   1.8423
   1.6341   1.8378
   1.6234   1.8334
   1.6129   1.8291
   1.6028   1.8248
   1.5929   1.8206
   1.5833   1.8164
   1.5739   1.8123
   1.5647   1.8082
   1.5557   1.8041
   1.5470   1.8000
   1.5385   1.7959
   1.5301   1.7919
   1.5220   1.7879
   1.5140   1.7839
   1.5062   1.7799
   1.4986   1.7760
   1.4911   1.7721
   1.4838   1.7683
   1.4766   1.7645
   1.4695   1.7608
   1.4626   1.7571
   1.4558   1.7534
   1.4491   1.7499
   1.4426   1.7463
   1.4361   1.7429
   1.4298   1.7394
   1.4235   1.7361
   1.4174   1.7328
   1.4113   1.7296
   1.4054   1.7265
   1.3995   1.7235
   1.3938   1.7205
   1.3881   1.7176
   1.3825   1.7147
   1.3771   1.7119
   1.3717   1.7092
   1.3663   1.7065
   1.3611   1.7039
   1.3560   1.7013
   1.3509   1.6988
   1.3459   1.6963
   1.3410   1.6939
   1.3362   1.6916
   1.3314   1.6893
   1.3267   1.6870
   1.3221   1.6848
   1.3175   1.6826
   1.3130   1.6805
   1.3086   1.6784
   1.3042   1.6763
   1.2999   1.6743
   1.2956   1.6723
   1.2913   1.6703
   1.2871   1.6683
   1.2830   1.6664
   1.2789   1.6645
   1.2748   1.6626
   1.2708   1.6607
   1.2668   1.6589
   1.2628   1.6571
   1.2589   1.6553
   1.2550   1.6535
   1.2511   1.6518
   1.2473   1.6500
   1.2434   1.6483
   1.2397   1.6466
   1.2359   1.6450
   1.2322   1.6433
   1.2285   1.6417
   1.2248   1.6401
   1.2211   1.6385
   1.2175   1.6369
   1.2139   1.6353
   1.2103   1.6338
   1.2068   1.6323
   1.2033   1.6308
   1.1998   1.6294
   1.1963   1.6279
   1.1928   1.6265
   1.1894   1.6251
   1.1861   1.6237
   1.1827   1.6224
   1.1794   1.6211
   1.1761   1.6198
   1.1728   1.6185
   1.1696   1.6172
   1.1664   1.6159
   1.1633   1.6147
   1.1601   1.6134
   1.1571   1.6122
   1.1540   1.6110
   1.1510   1.6098
   1.1480   1.6086
   1.1450   1.6074
   1.1421   1.6062
   1.1392   1.6050
   1.1363   1.6039
   1.1335   1.6027
   1.1307   1.6016
   1.1279   1.6004
   1.1252   1.5993
   1.1225   1.5982
   1.1198   1.5970
   1.1172   1.5959
   1.1146   1.5948
   1.1120   1.5937
   1.1095   1.5926
   1.1069   1.5915
   1.1044   1.5904
   1.1020   1.5893
   1.0995   1.5883
   1.0971   1.5872
   1.0947   1.5861
   1.0923   1.5851
   1.0900   1.5840
   1.0877   1.5830
   1.0854   1.5820
   1.0831   1.5810
   1.0809   1.5799
   1.0786   1.5789
   1.0764   1.5779
   1.0742   1.5769
   1.0721   1.5759
   1.0699   1.5750
   1.0678   1.5740
   1.0657   1.5730
   1.0636   1.5721
   1.0615   1.5711
   1.0595   1.5702
   1.0574   1.5693
   1.0554   1.5683
   1.0534   1.5674
   1.0514   1.5665
   1.0495   1.5656
   1.0475   1.5647
   1.0456   1.5638
   1.0436   1.5629
   1.0417   1.5620
   1.0398   1.5612
   1.0379   1.5603
   1.0361   1.5594
   1.0342   1.5586
   1.0324   1.5577
   1.0305   1.5569
   1.0287   1.5560
   1.0269   1.5552
   1.0251   1.5544
   1.0234   1.5536
   1.0216   1.5527
   1.0198   1.5519
   1.0181   1.5511
   1.0164   1.5503
   1.0146   1.5495
   1.0129   1.5487
   1.0112   1.5479
   1.0095   1.5471
   1.0079   1.5463
   1.0062   1.5456
   1.0045   1.5448
   1.0029   1.5440
   1.0013   1.5432
   0.9996   1.5425
   0.9980   1.5417
   0.9964   1.5410
   0.9948   1.5402
   0.9932   1.5395
   0.9916   1.5387
   0.9901   1.5380
   0.9885   1.5372
   0.9870   1.5365
   0.9854   1.5358
   0.9839   1.5350
   0.9824   1.5343
   0.9808   1.5336
   0.9793   1.5329
   0.9778   1.5321
   0.9763   1.5314
   0.9749   1.5307
   0.9734   1.5300
   0.9719   1.5293
   0.9705   1.5286
   0.9690   1.5279
   0.9676   1.5272
   0.9661   1.5265
   0.9647   1.5258
   0.9633   1.5251
   0.9619   1.5244
   0.9605   1.5238
   0.9591   1.5231
   0.9577   1.5224
   0.9563   1.5217
   0.9549   1.5210
   0.9536   1.5204
   0.9522   1.5197
   0.9508   1.5190
   0.9495   1.5184
   0.9482   1.5177
   0.9468   1.5170
   0.9455   1.5164
   0.9442   1.5157
   0.9429   1.5151
   0.9416   1.5144
   0.9403   1.5138
   0.9390   1.5131
   0.9377   1.5125
   0.9364   1.5118
   0.9352   1.5112
   0.9339   1.5105
   0.9326   1.5099
   0.9314   1.5093
   0.9301   1.5086
   0.9289   1.5080
   0.9277   1.5074
   0.9264   1.5067
   0.9252   1.5061
   0.9240   1.5055
   0.9228   1.5049
   0.9216   1.5043
   0.9204   1.5036
   0.9192   1.5030
   0.9180   1.5024
   0.9168   1.5018
   0.9157   1.5012
   0.9145   1.5006
   0.9133   1.5000
   0.9122   1.4994
   0.9110   1.4988
   0.9099   1.4982
   0.9087   1.4977
   0.9076   1.4971
   0.9065   1.4965
   0.9054   1.4959
   0.9042   1.4954
   0.9031   1.4948
   0.9020   1.4942
   0.9009   1.4937
   0.8998   1.4931
   0.8987   1.4925
   0.8976   1.4920
   0.8966   1.4914
   0.8955   1.4909
   0.8944   1.4903
   0.8933   1.4898
   0.8923   1.4892
   0.8912   1.4887
   0.8902   1.4882
   0.8891   1.4876
   0.8881   1.4871
   0.8871   1.4866
   0.8860   1.4860
   0.8850   1.4855
   0.8840   1.4850
   0.8830   1.4845
   0.8819   1.4839
   0.8809   1.4834
   0.8799   1.4829
   0.8789   1.4824
   0.8779   1.4819
   0.8769   1.4814
   0.8760   1.4809
   0.8750   1.4804
   0.8740   1.4799
   0.8730   1.4794
   0.8721   1.4789
   0.8711   1.4784
   0.8701   1.4779
   0.8692   1.4774
   0.8682   1.4769
   0.8673   1.4764
   0.8663   1.4760
   0.8654   1.4755
   0.8645   1.4750
   0.8635   1.4745
   0.8626   1.4741
   0.8617   1.4736
   0.8608   1.4731
   0.8598   1.4727
   0.8589   1.4722
   0.8580   1.4717
   0.8571   1.4713
   0.8562   1.4708
   0.8553   1.4704
   0.8544   1.4699
   0.8535   1.4695
   0.8527   1.4690
   0.8518   1.4686
   0.8509   1.4681
   0.8500   1.4677
   0.8491   1.4673
   0.8483   1.4668
   0.8474   1.4664
   0.8466   1.4660
   0.8457   1.4655
   0.8448   1.4651
   0.8440   1.4647
   0.8431   1.4643
   0.8423   1.4639
   0.8415   1.4634
   0.8406   1.4630
   0.8398   1.4626
   0.8389   1.4622
   0.8381   1.4618
   0.8373   1.4614
   0.8365   1.4610
   0.8357   1.4606
   0.8348   1.4602
   0.8340   1.4598
   0.8332   1.4594
   0.8324   1.4590
   0.8316   1.4586
   0.8308   1.4582
   0.8300   1.4578
   0.8292   1.4574
   0.8284   1.4570
   0.8276   1.4566
   0.8268   1.4562
   0.8261   1.4558
   0.8253   1.4555
   0.8245   1.4551
   0.8237   1.4547
   0.8230   1.4543
   0.8222   1.4540
   0.8214   1.4536
   0.8207   1.4532
   0.8199   1.4528
   0.8191   1.4525
   0.8184   1.4521
   0.8176   1.4517
   0.8169   1.4514
   0.8161   1.4510
   0.8154   1.4506
   0.8146   1.4503
   0.8139   1.4499
   0.8132   1.4496
   0.8124   1.4492
   0.8117   1.4488
   0.8110   1.4485
   0.8102   1.4481
   0.8095   1.4478
   0.8088   1.4474
   0.8081   1.4471
   0.8073   1.4467
   0.8066   1.4464
   0.8059   1.4461
   0.8052   1.4457
   0.8045   1.4454
   0.8038   1.4450
   0.8031   1.4447
   0.8024   1.4444
   0.8017   1.4440
   0.8010   1.4437
   0.8003   1.4433
   0.7996   1.4430
   0.7989   1.4427
   0.7982   1.4423
   0.7975   1.4420
   0.7968   1.4417
   0.7961   1.4414
   0.7954   1.4410
   0.7948   1.4407
   0.7941   1.4404
   0.7934   1.4400
   0.7927   1.4397
   0.7921   1.4394
   0.7914   1.4391
   0.7907   1.4388
   0.7901   1.4384
   0.7894   1.4381
   0.7887   1.4378
   0.7881   1.4375
   0.7874   1.4371
   0.7868   1.4368
   0.7861   1.4365
   0.7854   1.4362
   0.7848   1.4359
   0.7841   1.4355
   0.7835   1.4352
   0.7829   1.4349
   0.7822   1.4346
   0.7816   1.4343
   0.7809   1.4340
   0.7803   1.4337
   0.7797   1.4333
   0.7790   1.4330
   0.7784   1.4327
   0.7778   1.4324
   0.7771   1.4321
   0.7765   1.4318
   0.7759   1.4315
   0.7752   1.4311
   0.7746   1.4308
   0.7740   1.4305
   0.7734   1.4302
   0.7728   1.4299
   0.7721   1.4296
   0.7715   1.4293
   0.7709   1.4290
   0.7703   1.4286
   0.7697   1.4283
   0.7691   1.4280
   0.7685   1.4277
   0.7679   1.4274
   0.7673   1.4271
   0.7667   1.4268
   0.7661   1.4265
   0.7655   1.4262
   0.7649   1.4259
   0.7643   1.4255
   0.7637   1.4252
   0.7631   1.4249
   0.7625   1.4246
   0.7619   1.4243
   0.7613   1.4240
   0.7607   1.4237
   0.7602   1.4234
   0.7596   1.4231
   0.7590   1.4228
   0.7584   1.4225
   0.7578   1.4222
   0.7572   1.4218
   0.7567   1.4215
   0.7561   1.4212
   0.7555   1.4209
   0.7549   1.4206
   0.7544   1.4203
   0.7538   1.4200
   0.7532   1.4197
   0.7527   1.4194
   0.7521   1.4191
   0.7515   1.4188
   0.7510   1.4185
   0.7504   1.4182
   0.7499   1.4178
   0.7493   1.4175
   0.7487   1.4172
   0.7482   1.4169
   0.7476   1.4166
   0.7471   1.4163
   0.7465   1.4160
   0.7460   1.4157
   0.7454   1.4154
   0.7449   1.4151
   0.7443   1.4148
   0.7438   1.4145
   0.7432   1.4142
   0.7427   1.4139
   0.7421   1.4136
   0.7416   1.4133
   0.7411   1.4129
   0.7405   1.4126
   0.7400   1.4123
   0.7394   1.4120
   0.7389   1.4117
   0.7384   1.4114
   0.7378   1.4111
   0.7373   1.4108
   0.7368   1.4105
   0.7362   1.4102
   0.7357   1.4099
   0.7352   1.4096
   0.7347   1.4093
   0.7341   1.4090
   0.7336   1.4087
   0.7331   1.4084
   0.7326   1.4081
   0.7321   1.4078
   0.7315   1.4075
   0.7310   1.4072
   0.7305   1.4069
   0.7300   1.4066
   0.7295   1.4063
   0.7290   1.4060
   0.7284   1.4057
   0.7279   1.4054
   0.7274   1.4051
   0.7269   1.4048
   0.7264   1.4045
   0.7259   1.4042
   0.7254   1.4039
   0.7249   1.4036
   0.7244   1.4033
   0.7239   1.4030
   0.7234   1.4027
   0.7229   1.4024
   0.7224   1.4021
   0.7219   1.4018
   0.7214   1.4015
   0.7209   1.4012
   0.7204   1.4009
   0.7199   1.4006
   0.7194   1.4003
   0.7189   1.4000
   0.7184   1.3997
   0.7179   1.3994
   0.7174   1.3991
   0.7169   1.3988
   0.7164   1.3985
   0.7160   1.3982
   0.7155   1.3979
   0.7150   1.3976
   0.7145   1.3973
   0.7140   1.3970
   0.7135   1.3967
   0.7131   1.3964
   0.7126   1.3961
   0.7121   1.3958
   0.7116   1.3955
   0.7111   1.3952
   0.7107   1.3949
   0.7102   1.3946
   0.7097   1.3942
   0.7092   1.3939
   0.7088   1.3936
   0.7083   1.3933
   0.7078   1.3930
   0.7073   1.3927
   0.7069   1.3924
   0.7064   1.3921
   0.7059   1.3918
   0.7055   1.3915
   0.7050   1.3912
   0.7045   1.3909
   0.7041   1.3906
   0.7036   1.3903
   0.7032   1.3900
   0.7027   1.3897
   0.7022   1.3894
   0.7018   1.3891
   0.7013   1.3888
   0.7009   1.3885
   0.7004   1.3882
   0.7000   1.3879
   0.6995   1.3876
   0.6990   1.3873
   0.6986   1.3870
   0.6981   1.3867
   0.6977   1.3864
   0.6972   1.3861
   0.6968   1.3858
   0.6963   1.3854
   0.6959   1.3851
   0.6954   1.3848
   0.6950   1.3845
   0.6946   1.3842
   0.6941   1.3839
   0.6937   1.3836
   0.6932   1.3833
   0.6928   1.3830
   0.6923   1.3827
   0.6919   1.3824
   0.6915   1.3821
   0.6910   1.3818
   0.6906   1.3815
   0.6901   1.3812
   0.6897   1.3809
   0.6893   1.3806
   0.6888   1.3803
   0.6884   1.3800
   0.6880   1.3797
   0.6875   1.3794
   0.6871   1.3791
   0.6867   1.3788
   0.6862   1.3785
   0.6858   1.3782
   0.6854   1.3779
   0.6850   1.3776
   0.6845   1.3773
   0.6841   1.3770
   0.6837   1.3767
   0.6833   1.3764
   0.6828   1.3761
   0.6824   1.3758
   0.6820   1.3755
   0.6816   1.3752
   0.6812   1.3749
   0.6807   1.3746
   0.6803   1.3743
   0.6799   1.3740
   0.6795   1.3737
   0.6791   1.3734
   0.6787   1.3731
   0.6782   1.3728
   0.6778   1.3725
   0.6774   1.3722
   0.6770   1.3719
   0.6766   1.3716
   0.6762   1.3714
   0.6758   1.3711
   0.6754   1.3708
   0.6749   1.3705
   0.6745   1.3702
   0.6741   1.3699
   0.6737   1.3696
   0.6733   1.3693
   0.6729   1.3690
   0.6725   1.3687
   0.6721   1.3684
   0.6717   1.3681
   0.6713   1.3679
   0.6709   1.3676
   0.6705   1.3673
   0.6701   1.3670
   0.6697   1.3667
   0.6693   1.3664
   0.6689   1.3661
   0.6685   1.3658
   0.6681   1.3656
   0.6677   1.3653
   0.6673   1.3650
   0.6669   1.3647
   0.6665   1.3644
   0.6661   1.3641
   0.6657   1.3638
   0.6654   1.3636
   0.6650   1.3633
   0.6646   1.3630
   0.6642   1.3627
   0.6638   1.3624
   0.6634   1.3622
   0.6630   1.3619
   0.6626   1.3616
   0.6622   1.3613
   0.6619   1.3610
   0.6615   1.3608
   0.6611   1.3605
   0.6607   1.3602
   0.6603   1.3599
   0.6599   1.3597
   0.6596   1.3594
   0.6592   1.3591
   0.6588   1.3588
   0.6584   1.3586
   0.6580   1.3583
   0.6577   1.3580
   0.6573   1.3577
   0.6569   1.3575
   0.6565   1.3572
   0.6562   1.3569
   0.6558   1.3567
   0.6554   1.3564
   0.6550   1.3561
   0.6547   1.3558
   0.6543   1.3556
   0.6539   1.3553
   0.6535   1.3550
   0.6532   1.3548
   0.6528   1.3545
   0.6524   1.3542
   0.6521   1.3540
   0.6517   1.3537
   0.6513   1.3534
   0.6510   1.3532
   0.6506   1.3529
   0.6502   1.3527
   0.6499   1.3524
   0.6495   1.3521
   0.6491   1.3519
   0.6488   1.3516
   0.6484   1.3514
   0.6481   1.3511
   0.6477   1.3508
   0.6473   1.3506
   0.6470   1.3503
   0.6466   1.3501
   0.6463   1.3498
   0.6459   1.3495
   0.6455   1.3493
   0.6452   1.3490
   0.6448   1.3488
   0.6445   1.3485
   0.6441   1.3483
   0.6438   1.3480
   0.6434   1.3478
   0.6430   1.3475
   0.6427   1.3473
   0.6423   1.3470
   0.6420   1.3468
   0.6416   1.3465
   0.6413   1.3463
   0.6409   1.3460
   0.6406   1.3458
   0.6402   1.3455
   0.6399   1.3453
   0.6395   1.3450
   0.6392   1.3448
   0.6388   1.3445
   0.6385   1.3443
   0.6382   1.3440
   0.6378   1.3438
   0.6375   1.3435
   0.6371   1.3433
   0.6368   1.3430
   0.6364   1.3428
   0.6361   1.3426
   0.6357   1.3423
   0.6354   1.3421
   0.6351   1.3418
   0.6347   1.3416
   0.6344   1.3413
   0.6340   1.3411
   0.6337   1.3409
   0.6334   1.3406
   0.6330   1.3404
   0.6327   1.3401
   0.6324   1.3399
   0.6320   1.3397
   0.6317   1.3394
   0.6313   1.3392
   0.6310   1.3389
   0.6307   1.3387
   0.6303   1.3385
   0.6300   1.3382
   0.6297   1.3380
   0.6293   1.3378
   0.6290   1.3375
   0.6287   1.3373
   0.6283   1.3371
   0.6280   1.3368
   0.6277   1.3366
   0.6274   1.3364
   0.6270   1.3361
   0.6267   1.3359
   0.6264   1.3357
   0.6260   1.3354
   0.6257   1.3352
   0.6254   1.3350
   0.6251   1.3348
   0.6247   1.3345
   0.6244   1.3343
   0.6241   1.3341
   0.6238   1.3338
   0.6234   1.3336
   0.6231   1.3334
   0.6228   1.3332
   0.6225   1.3329
   0.6221   1.3327
   0.6218   1.3325
   0.6215   1.3323
   0.6212   1.3320
   0.6209   1.3318
   0.6205   1.3316
   0.6202   1.3314
   0.6199   1.3311
   0.6196   1.3309
   0.6193   1.3307
   0.6189   1.3305
   0.6186   1.3302
   0.6183   1.3300
   0.6180   1.3298
   0.6177   1.3296
   0.6174   1.3294
   0.6171   1.3291
   0.6167   1.3289
   0.6164   1.3287
   0.6161   1.3285
   0.6158   1.3283
   0.6155   1.3280
   0.6152   1.3278
   0.6149   1.3276
   0.6145   1.3274
   0.6142   1.3272
   0.6139   1.3270
   0.6136   1.3267
   0.6133   1.3265
   0.6130   1.3263
   0.6127   1.3261
   0.6124   1.3259
   0.6121   1.3257
   0.6118   1.3255
   0.6115   1.3253
   0.6111   1.3250
   0.6108   1.3248
   0.6105   1.3246
   0.6102   1.3244
   0.6099   1.3242
   0.6096   1.3240
   0.6093   1.3238
   0.6090   1.3236
   0.6087   1.3233
   0.6084   1.3231
   0.6081   1.3229
   0.6078   1.3227
   0.6075   1.3225
   0.6072   1.3223
   0.6069   1.3221
   0.6066   1.3219
   0.6063   1.3217
   0.6060   1.3215
   0.6057   1.3213
   0.6054   1.3211
   0.6051   1.3209
   0.6048   1.3206
   0.6045   1.3204
   0.6042   1.3202
   0.6039   1.3200
   0.6036   1.3198
   0.6033   1.3196
   0.6030   1.3194
   0.6027   1.3192
   0.6024   1.3190
   0.6021   1.3188
   0.6018   1.3186
   0.6015   1.3184
   0.6012   1.3182
   0.6010   1.3180
   0.6007   1.3178
   0.6004   1.3176
   0.6001   1.3174
   0.5998   1.3172
   0.5995   1.3170
   0.5992   1.3168
   0.5989   1.3166
   0.5986   1.3164
   0.5983   1.3162
   0.5980   1.3160
   0.5978   1.3158
   0.5975   1.3156
   0.5972   1.3154
   0.5969   1.3152
   0.5966   1.3150
   0.5963   1.3148
   0.5960   1.3146
   0.5957   1.3144
   0.5955   1.3142
   0.5952   1.3140
   0.5949   1.3138
   0.5946   1.3136
   0.5943   1.3134
   0.5940   1.3132
   0.5937   1.3130
   0.5935   1.3128
   0.5932   1.3126
   0.5929   1.3124
   0.5926   1.3122
   0.5923   1.3120
   0.5921   1.3118
   0.5918   1.3116
   0.5915   1.3114
   0.5912   1.3112
   0.5909   1.3110
   0.5907   1.3108
   0.5904   1.3106
   0.5901   1.3104
   0.5898   1.3102
   0.5895   1.3100
   0.5893   1.3098
   0.5890   1.3096
   0.5887   1.3094
   0.5884   1.3092
   0.5882   1.3090
   0.5879   1.3088
   0.5876   1.3086
   0.5873   1.3084
   0.5871   1.3082
   0.5868   1.3080
   0.5865   1.3078
   0.5862   1.3076
   0.5860   1.3074
   0.5857   1.3073
   0.5854   1.3071
   0.5851   1.3069
   0.5849   1.3067
   0.5846   1.3065
   0.5843   1.3063
   0.5841   1.3061
   0.5838   1.3059
   0.5835   1.3057
   0.5832   1.3055
   0.5830   1.3053
   0.5827   1.3051
   0.5824   1.3049
   0.5822   1.3047
   0.5819   1.3045
   0.5816   1.3043
   0.5814   1.3041
   0.5811   1.3039
   0.5808   1.3038
   0.5806   1.3036
   0.5803   1.3034
   0.5800   1.3032
   0.5798   1.3030
   0.5795   1.3028
   0.5792   1.3026
   0.5790   1.3024
   0.5787   1.3022
   0.5784   1.3020
   0.5782   1.3018
   0.5779   1.3016
   0.5776   1.3014
   0.5774   1.3012
   0.5771   1.3010
   0.5769   1.3009
   0.5766   1.3007
   0.5763   1.3005
   0.5761   1.3003
   0.5758   1.3001
   0.5756   1.2999
   0.5753   1.2997
   0.5750   1.2995
   0.5748   1.2993
   0.5745   1.2991
   0.5743   1.2989
   0.5740   1.2987
   0.5737   1.2985
   0.5735   1.2984
   0.5732   1.2982
   0.5730   1.2980
   0.5727   1.2978
   0.5725   1.2976
   0.5722   1.2974
   0.5719   1.2972
   0.5717   1.2970
   0.5714   1.2968
   0.5712   1.2966
   0.5709   1.2964
   0.5707   1.2962
   0.5704   1.2961
   0.5702   1.2959
   0.5699   1.2957
   0.5697   1.2955
   0.5694   1.2953
   0.5691   1.2951
   0.5689   1.2949
   0.5686   1.2947
   0.5684   1.2945
   0.5681   1.2943
   0.5679   1.2941
   0.5676   1.2940
   0.5674   1.2938
   0.5671   1.2936
   0.5669   1.2934
   0.5666   1.2932
   0.5664   1.2930
   0.5661   1.2928
   0.5659   1.2926
   0.5656   1.2924
   0.5654   1.2922
   0.5651   1.2921
   0.5649   1.2919
   0.5646   1.2917
   0.5644   1.2915
   0.5642   1.2913
   0.5639   1.2911
   0.5637   1.2909
   0.5634   1.2907
   0.5632   1.2905
   0.5629   1.2903
   0.5627   1.2902
   0.5624   1.2900
   0.5622   1.2898
   0.5619   1.2896
   0.5617   1.2894
   0.5615   1.2892
   0.5612   1.2890
   0.5610   1.2888
   0.5607   1.2886
   0.5605   1.2884
   0.5602   1.2883
   0.5600   1.2881
   0.5598   1.2879
   0.5595   1.2877
   0.5593   1.2875
   0.5590   1.2873
   0.5588   1.2871
   0.5586   1.2869
   0.5583   1.2867
   0.5581   1.2866
   0.5578   1.2864
   0.5576   1.2862
   0.5574   1.2860
   0.5571   1.2858
   0.5569   1.2856
   0.5566   1.2854
   0.5564   1.2852
   0.5562   1.2850
   0.5559   1.2849
   0.5557   1.2847
   0.5555   1.2845
   0.5552   1.2843
   0.5550   1.2841
   0.5547   1.2839
   0.5545   1.2837
   0.5543   1.2835
   0.5540   1.2833
   0.5538   1.2832
   0.5536   1.2830
   0.5533   1.2828
   0.5531   1.2826
   0.5529   1.2824
   0.5526   1.2822
   0.5524   1.2820
   0.5522   1.2818
   0.5519   1.2816
   0.5517   1.2815
   0.5515   1.2813
   0.5512   1.2811
   0.5510   1.2809
   0.5508   1.2807
   0.5505   1.2805
   0.5503   1.2803
   0.5501   1.2801
   0.5499   1.2800
   0.5496   1.2798
   0.5494   1.2796
   0.5492   1.2794
   0.5489   1.2792
   0.5487   1.2790
   0.5485   1.2788
   0.5483   1.2786
   0.5480   1.2785
   0.5478   1.2783
   0.5476   1.2781
   0.5473   1.2779
   0.5471   1.2777
   0.5469   1.2775
   0.5467   1.2773
   0.5464   1.2771
   0.5462   1.2770
   0.5460   1.2768
   0.5458   1.2766
   0.5455   1.2764
   0.5453   1.2762
   0.5451   1.2760
   0.5449   1.2758
   0.5446   1.2756
   0.5444   1.2755
   0.5442   1.2753
   0.5440   1.2751
   0.5437   1.2749
   0.5435   1.2747
   0.5433   1.2745
   0.5431   1.2743
   0.5429   1.2741
   0.5426   1.2740
   0.5424   1.2738
   0.5422   1.2736
   0.5420   1.2734
   0.5418   1.2732
   0.5415   1.2730
   0.5413   1.2728
   0.5411   1.2727
   0.5409   1.2725
   0.5407   1.2723
   0.5404   1.2721
   0.5402   1.2719
   0.5400   1.2717
   0.5398   1.2715
   0.5396   1.2714
   0.5393   1.2712
   0.5391   1.2710
   0.5389   1.2708
   0.5387   1.2706
   0.5385   1.2704
   0.5383   1.2702
   0.5381   1.2701
   0.5378   1.2699
   0.5376   1.2697
   0.5374   1.2695
   0.5372   1.2693
   0.5370   1.2691
   0.5368   1.2689
   0.5365   1.2688
   0.5363   1.2686
   0.5361   1.2684
   0.5359   1.2682
   0.5357   1.2680
   0.5355   1.2678
   0.5353   1.2676
   0.5351   1.2675
   0.5348   1.2673
   0.5346   1.2671
   0.5344   1.2669
   0.5342   1.2667
   0.5340   1.2665
   0.5338   1.2663
   0.5336   1.2662
   0.5334   1.2660
   0.5332   1.2658
   0.5330   1.2656
   0.5327   1.2654
   0.5325   1.2652
   0.5323   1.2651
   0.5321   1.2649
   0.5319   1.2647
   0.5317   1.2645
   0.5315   1.2643
   0.5313   1.2641
   0.5311   1.2640
   0.5309   1.2638
   0.5307   1.2636
   0.5305   1.2634
   0.5303   1.2632
   0.5301   1.2630
   0.5298   1.2629
   0.5296   1.2627
   0.5294   1.2625
   0.5292   1.2623
   0.5290   1.2621
   0.5288   1.2619
   0.5286   1.2618
   0.5284   1.2616
   0.5282   1.2614
   0.5280   1.2612
   0.5278   1.2610
   0.5276   1.2608
   0.5274   1.2607
   0.5272   1.2605
   0.5270   1.2603
   0.5268   1.2601
   0.5266   1.2599
   0.5264   1.2598
   0.5262   1.2596
   0.5260   1.2594
   0.5258   1.2592
   0.5256   1.2590
   0.5254   1.2588
   0.5252   1.2587
   0.5250   1.2585
   0.5248   1.2583
   0.5246   1.2581
   0.5244   1.2579
   0.5242   1.2578
   0.5240   1.2576
   0.5238   1.2574
   0.5236   1.2572
   0.5234   1.2570
   0.5232   1.2569
   0.5230   1.2567
   0.5228   1.2565
   0.5226   1.2563
   0.5224   1.2561
   0.5222   1.2560
   0.5220   1.2558
   0.5218   1.2556
   0.5216   1.2554
   0.5214   1.2552
   0.5213   1.2551
   0.5211   1.2549
   0.5209   1.2547
   0.5207   1.2545
   0.5205   1.2543
   0.5203   1.2542
   0.5201   1.2540
   0.5199   1.2538
   0.5197   1.2536
   0.5195   1.2534
   0.5193   1.2533
   0.5191   1.2531
   0.5189   1.2529
   0.5187   1.2527
   0.5186   1.2526
   0.5184   1.2524
   0.5182   1.2522
   0.5180   1.2520
   0.5178   1.2518
   0.5176   1.2517
   0.5174   1.2515
   0.5172   1.2513
   0.5170   1.2511
   0.5168   1.2510
   0.5167   1.2508
   0.5165   1.2506
   0.5163   1.2504
   0.5161   1.2503
   0.5159   1.2501
   0.5157   1.2499
   0.5155   1.2497
   0.5153   1.2496
   0.5152   1.2494
   0.5150   1.2492
   0.5148   1.2490
   0.5146   1.2489
   0.5144   1.2487
   0.5142   1.2485
   0.5140   1.2483
   0.5139   1.2482
   0.5137   1.2480
   0.5135   1.2478
   0.5133   1.2476
   0.5131   1.2475
   0.5129   1.2473
   0.5127   1.2471
   0.5126   1.2469
   0.5124   1.2468
   0.5122   1.2466
   0.5120   1.2464
   0.5118   1.2462
   0.5116   1.2461
   0.5115   1.2459
   0.5113   1.2457
   0.5111   1.2456
   0.5109   1.2454
   0.5107   1.2452
   0.5106   1.2450
   0.5104   1.2449
   0.5102   1.2447
   0.5100   1.2445
   0.5098   1.2444
   0.5097   1.2442
   0.5095   1.2440
   0.5093   1.2438
   0.5091   1.2437
   0.5089   1.2435
   0.5088   1.2433
   0.5086   1.2432
   0.5084   1.2430
   0.5082   1.2428
   0.5080   1.2427
   0.5079   1.2425
   0.5077   1.2423
   0.5075   1.2422
   0.5073   1.2420
   0.5072   1.2418
   0.5070   1.2417
   0.5068   1.2415
   0.5066   1.2413
   0.5064   1.2412
   0.5063   1.2410
   0.5061   1.2408
   0.5059   1.2406
   0.5057   1.2405
   0.5056   1.2403
   0.5054   1.2402
   0.5052   1.2400
   0.5050   1.2398
   0.5049   1.2397
   0.5047   1.2395
   0.5045   1.2393
   0.5043   1.2392
   0.5042   1.2390
   0.5040   1.2388
   0.5038   1.2387
   0.5037   1.2385
   0.5035   1.2383
   0.5033   1.2382
   0.5031   1.2380
   0.5030   1.2378
   0.5028   1.2377
   0.5026   1.2375
   0.5025   1.2374
   0.5023   1.2372
   0.5021   1.2370
   0.5019   1.2369
   0.5018   1.2367
   0.5016   1.2365
   0.5014   1.2364
   0.5013   1.2362
   0.5011   1.2361
   0.5009   1.2359
   0.5007   1.2357
   0.5006   1.2356
   0.5004   1.2354
   0.5002   1.2353
   0.5001   1.2351
   0.4999   1.2349
   0.4997   1.2348
   0.4996   1.2346
   0.4994   1.2345
   0.4992   1.2343
   0.4991   1.2341
   0.4989   1.2340
   0.4987   1.2338
   0.4986   1.2337
   0.4984   1.2335
   0.4982   1.2334
   0.4981   1.2332
   0.4979   1.2330
   0.4977   1.2329
   0.4976   1.2327
   0.4974   1.2326
   0.4972   1.2324
   0.4971   1.2323
   0.4969   1.2321
   0.4967   1.2319
   0.4966   1.2318
   0.4964   1.2316
   0.4962   1.2315
   0.4961   1.2313
   0.4959   1.2312
   0.4957   1.2310
   0.4956   1.2309
   0.4954   1.2307
   0.4953   1.2306
   0.4951   1.2304
   0.4949   1.2303
   0.4948   1.2301
   0.4946   1.2300
   0.4944   1.2298
   0.4943   1.2297
   0.4941   1.2295
   0.4940   1.2294
   0.4938   1.2292
   0.4936   1.2291
   0.4935   1.2289
   0.4933   1.2288
   0.4932   1.2286
   0.4930   1.2285
   0.4928   1.2283
   0.4927   1.2282
   0.4925   1.2280
   0.4924   1.2279
   0.4922   1.2277
   0.4920   1.2276
   0.4919   1.2274
   0.4917   1.2273
   0.4916   1.2271
   0.4914   1.2270
   0.4912   1.2268
   0.4911   1.2267
   0.4909   1.2265
   0.4908   1.2264
   0.4906   1.2262
   0.4904   1.2261
   0.4903   1.2260
   0.4901   1.2258
   0.4900   1.2257
   0.4898   1.2255
   0.4897   1.2254
   0.4895   1.2252
   0.4893   1.2251
   0.4892   1.2249
   0.4890   1.2248
   0.4889   1.2247
   0.4887   1.2245
   0.4886   1.2244
   0.4884   1.2242
   0.4883   1.2241
   0.4881   1.2239
   0.4879   1.2238
   0.4878   1.2236
   0.4876   1.2235
   0.4875   1.2234
   0.4873   1.2232
   0.4872   1.2231
   0.4870   1.2229
   0.4869   1.2228
   0.4867   1.2227
   0.4866   1.2225
   0.4864   1.2224
   0.4862   1.2222
   0.4861   1.2221
   0.4859   1.2219
   0.4858   1.2218
   0.4856   1.2217
   0.4855   1.2215
   0.4853   1.2214
   0.4852   1.2212
   0.4850   1.2211
   0.4849   1.2210
   0.4847   1.2208
   0.4846   1.2207
   0.4844   1.2205
   0.4843   1.2204
   0.4841   1.2203
   0.4840   1.2201
   0.4838   1.2200
   0.4837   1.2198
   0.4835   1.2197
   0.4834   1.2196
   0.4832   1.2194
   0.4831   1.2193
   0.4829   1.2191
   0.4828   1.2190
   0.4826   1.2189
   0.4825   1.2187
   0.4823   1.2186
   0.4822   1.2184
   0.4820   1.2183
   0.4819   1.2182
   0.4817   1.2180
   0.4816   1.2179
   0.4814   1.2178
   0.4813   1.2176
   0.4811   1.2175
   0.4810   1.2173
   0.4808   1.2172
   0.4807   1.2171
   0.4805   1.2169
   0.4804   1.2168
   0.4803   1.2167
   0.4801   1.2165
   0.4800   1.2164
   0.4798   1.2162
   0.4797   1.2161
   0.4795   1.2160
   0.4794   1.2158
   0.4792   1.2157
   0.4791   1.2156
   0.4789   1.2154
   0.4788   1.2153
   0.4786   1.2151
   0.4785   1.2150
   0.4784   1.2149
   0.4782   1.2147
   0.4781   1.2146
   0.4779   1.2145
   0.4778   1.2143
   0.4776   1.2142
   0.4775   1.2141
   0.4773   1.2139
   0.4772   1.2138
   0.4771   1.2137
   0.4769   1.2135
   0.4768   1.2134
   0.4766   1.2132
   0.4765   1.2131
   0.4763   1.2130
   0.4762   1.2128
   0.4761   1.2127
   0.4759   1.2126
   0.4758   1.2124
   0.4756   1.2123
   0.4755   1.2122
   0.4754   1.2120
   0.4752   1.2119
   0.4751   1.2118
   0.4749   1.2116
   0.4748   1.2115
   0.4746   1.2114
   0.4745   1.2112
   0.4744   1.2111
   0.4742   1.2110
   0.4741   1.2108
   0.4739   1.2107
   0.4738   1.2106
   0.4737   1.2104
   0.4735   1.2103
   0.4734   1.2102
   0.4732   1.2100
   0.4731   1.2099
   0.4730   1.2098
   0.4728   1.2096
   0.4727   1.2095
   0.4726   1.2094
   0.4724   1.2092
   0.4723   1.2091
   0.4721   1.2090
   0.4720   1.2088
   0.4719   1.2087
   0.4717   1.2086
   0.4716   1.2084
   0.4715   1.2083
   0.4713   1.2082
   0.4712   1.2080
   0.4710   1.2079
   0.4709   1.2078
   0.4708   1.2076
   0.4706   1.2075
   0.4705   1.2074
   0.4704   1.2072
   0.4702   1.2071
   0.4701   1.2070
   0.4699   1.2068
   0.4698   1.2067
   0.4697   1.2066
   0.4695   1.2065
   0.4694   1.2063
   0.4693   1.2062
   0.4691   1.2061
   0.4690   1.2059
   0.4689   1.2058
   0.4687   1.2057
   0.4686   1.2055
   0.4685   1.2054
   0.4683   1.2053
   0.4682   1.2051
   0.4681   1.2050
   0.4679   1.2049
   0.4678   1.2048
   0.4677   1.2046
   0.4675   1.2045
   0.4674   1.2044
   0.4673   1.2042
   0.4671   1.2041
   0.4670   1.2040
   0.4669   1.2039
   0.4667   1.2037
   0.4666   1.2036
   0.4665   1.2035
   0.4663   1.2033
   0.4662   1.2032
   0.4661   1.2031
   0.4659   1.2030
   0.4658   1.2028
   0.4657   1.2027
   0.4656   1.2026
   0.4654   1.2024
   0.4653   1.2023
   0.4652   1.2022
   0.4650   1.2021
   0.4649   1.2019
   0.4648   1.2018
   0.4646   1.2017
   0.4645   1.2016
   0.4644   1.2014
   0.4643   1.2013
   0.4641   1.2012
   0.4640   1.2011
   0.4639   1.2009
   0.4637   1.2008
   0.4636   1.2007
   0.4635   1.2005
   0.4633   1.2004
   0.4632   1.2003
   0.4631   1.2002
   0.4630   1.2001
   0.4628   1.1999
   0.4627   1.1998
   0.4626   1.1997
   0.4625   1.1996
   0.4623   1.1994
   0.4622   1.1993
   0.4621   1.1992
   0.4619   1.1991
   0.4618   1.1989
   0.4617   1.1988
   0.4616   1.1987
   0.4614   1.1986
   0.4613   1.1985
   0.4612   1.1983
   0.4611   1.1982
   0.4609   1.1981
   0.4608   1.1980
   0.4607   1.1978
   0.4606   1.1977
   0.4604   1.1976
   0.4603   1.1975
   0.4602   1.1974
   0.4601   1.1972
   0.4599   1.1971
   0.4598   1.1970
   0.4597   1.1969
   0.4596   1.1968
   0.4594   1.1967
   0.4593   1.1965
   0.4592   1.1964
   0.4591   1.1963
   0.4589   1.1962
   0.4588   1.1961
   0.4587   1.1960
   0.4586   1.1958
   0.4584   1.1957
   0.4583   1.1956
   0.4582   1.1955
   0.4581   1.1954
   0.4580   1.1953
   0.4578   1.1951
   0.4577   1.1950
   0.4576   1.1949
   0.4575   1.1948
   0.4573   1.1947
   0.4572   1.1946
   0.4571   1.1944
   0.4570   1.1943
   0.4569   1.1942
   0.4567   1.1941
   0.4566   1.1940
   0.4565   1.1939
   0.4564   1.1938
   0.4562   1.1937
   0.4561   1.1935
   0.4560   1.1934
   0.4559   1.1933
   0.4558   1.1932
   0.4556   1.1931
   0.4555   1.1930
   0.4554   1.1929
   0.4553   1.1927
   0.4552   1.1926
   0.4550   1.1925
   0.4549   1.1924
   0.4548   1.1923
   0.4547   1.1922
   0.4546   1.1921
   0.4545   1.1920
   0.4543   1.1919
   0.4542   1.1917
   0.4541   1.1916
   0.4540   1.1915
   0.4539   1.1914
   0.4537   1.1913
   0.4536   1.1912
   0.4535   1.1911
   0.4534   1.1910
   0.4533   1.1909
   0.4532   1.1907
   0.4530   1.1906
   0.4529   1.1905
   0.4528   1.1904
   0.4527   1.1903
   0.4526   1.1902
   0.4525   1.1901
   0.4523   1.1900
   0.4522   1.1899
   0.4521   1.1898
   0.4520   1.1896
   0.4519   1.1895
   0.4518   1.1894
   0.4516   1.1893
   0.4515   1.1892
   0.4514   1.1891
   0.4513   1.1890
   0.4512   1.1889
   0.4511   1.1888
   0.4510   1.1887
   0.4508   1.1886
   0.4507   1.1884
   0.4506   1.1883
   0.4505   1.1882
   0.4504   1.1881
   0.4503   1.1880
   0.4502   1.1879
   0.4500   1.1878
   0.4499   1.1877
   0.4498   1.1876
   0.4497   1.1875
   0.4496   1.1874
   0.4495   1.1873
   0.4494   1.1871
   0.4492   1.1870
   0.4491   1.1869
   0.4490   1.1868
   0.4489   1.1867
   0.4488   1.1866
   0.4487   1.1865
   0.4486   1.1864
   0.4485   1.1863
   0.4483   1.1862
   0.4482   1.1861
   0.4481   1.1860
   0.4480   1.1859
   0.4479   1.1857
   0.4478   1.1856
   0.4477   1.1855
   0.4476   1.1854
   0.4475   1.1853
   0.4473   1.1852
   0.4472   1.1851
   0.4471   1.1850
   0.4470   1.1849
   0.4469   1.1848
   0.4468   1.1847
   0.4467   1.1846
   0.4466   1.1845
   0.4465   1.1843
   0.4463   1.1842
   0.4462   1.1841
   0.4461   1.1840
   0.4460   1.1839
   0.4459   1.1838
   0.4458   1.1837
   0.4457   1.1836
   0.4456   1.1835
   0.4455   1.1834
   0.4454   1.1833
   0.4453   1.1832
   0.4451   1.1831
   0.4450   1.1830
   0.4449   1.1829
   0.4448   1.1827
   0.4447   1.1826
   0.4446   1.1825
   0.4445   1.1824
   0.4444   1.1823
   0.4443   1.1822
   0.4442   1.1821
   0.4441   1.1820
   0.4440   1.1819
   0.4439   1.1818
   0.4438   1.1817
   0.4436   1.1816
   0.4435   1.1815
   0.4434   1.1814
   0.4433   1.1813
   0.4432   1.1812
   0.4431   1.1811
   0.4430   1.1810
   0.4429   1.1809
   0.4428   1.1808
   0.4427   1.1807
   0.4426   1.1806
   0.4425   1.1805
   0.4424   1.1804
   0.4423   1.1803
   0.4422   1.1802
   0.4421   1.1801
   0.4420   1.1800
   0.4418   1.1799
   0.4417   1.1798
   0.4416   1.1797
   0.4415   1.1796
   0.4414   1.1795
   0.4413   1.1794
   0.4412   1.1793
   0.4411   1.1792
   0.4410   1.1791
   0.4409   1.1790
   0.4408   1.1789
   0.4407   1.1788
   0.4406   1.1787
   0.4405   1.1786
   0.4404   1.1785
   0.4403   1.1785
   0.4402   1.1784
   0.4401   1.1783
   0.4400   1.1782
   0.4399   1.1781
   0.4398   1.1780
   0.4397   1.1779
   0.4396   1.1778
   0.4395   1.1777
   0.4394   1.1776
   0.4393   1.1775
   0.4392   1.1774
   0.4391   1.1773
   0.4390   1.1772
   0.4389   1.1771
   0.4388   1.1770
   0.4387   1.1769
   0.4386   1.1768
   0.4384   1.1767
   0.4383   1.1766
   0.4382   1.1766
   0.4381   1.1765
   0.4380   1.1764
   0.4379   1.1763
   0.4378   1.1762
   0.4377   1.1761
   0.4376   1.1760
   0.4375   1.1759
   0.4374   1.1758
   0.4373   1.1757
   0.4372   1.1756
   0.4371   1.1755
   0.4370   1.1754
   0.4369   1.1753
   0.4368   1.1752
   0.4367   1.1751
   0.4366   1.1750
   0.4365   1.1749
   0.4364   1.1748
   0.4364   1.1748
   0.4363   1.1747
   0.4362   1.1746
   0.4361   1.1745
   0.4360   1.1744
   0.4359   1.1743
   0.4358   1.1742
   0.4357   1.1741
   0.4356   1.1740
   0.4355   1.1739
   0.4354   1.1738
   0.4353   1.1737
   0.4352   1.1736
   0.4351   1.1735
   0.4350   1.1734
   0.4349   1.1733
   0.4348   1.1732
   0.4347   1.1732
   0.4346   1.1731
   0.4345   1.1730
   0.4344   1.1729
   0.4343   1.1728
   0.4342   1.1727
   0.4341   1.1726
   0.4340   1.1725
   0.4339   1.1724
   0.4338   1.1723
   0.4337   1.1722
   0.4336   1.1721
   0.4335   1.1720
   0.4334   1.1719
   0.4333   1.1718
   0.4332   1.1717
   0.4331   1.1717
   0.4331   1.1716
   0.4330   1.1715
   0.4329   1.1714
   0.4328   1.1713
   0.4327   1.1712
   0.4326   1.1711
   0.4325   1.1710
   0.4324   1.1709
   0.4323   1.1708
   0.4322   1.1707
   0.4321   1.1706
   0.4320   1.1705
   0.4319   1.1704
   0.4318   1.1703
   0.4317   1.1702
   0.4316   1.1702
   0.4315   1.1701
   0.4314   1.1700
   0.4314   1.1699
   0.4313   1.1698
   0.4312   1.1697
   0.4311   1.1696
   0.4310   1.1695
   0.4309   1.1694
   0.4308   1.1693
   0.4307   1.1692
   0.4306   1.1691
   0.4305   1.1690
   0.4304   1.1689
   0.4303   1.1688
   0.4302   1.1687
   0.4301   1.1687
   0.4301   1.1686
   0.4300   1.1685
   0.4299   1.1684
   0.4298   1.1683
   0.4297   1.1682
   0.4296   1.1681
   0.4295   1.1680
   0.4294   1.1679
   0.4293   1.1678
   0.4292   1.1677
   0.4291   1.1676
   0.4290   1.1675
   0.4290   1.1674
   0.4289   1.1673
   0.4288   1.1673
   0.4287   1.1672
   0.4286   1.1671
   0.4285   1.1670
   0.4284   1.1669
   0.4283   1.1668
   0.4282   1.1667
   0.4281   1.1666
   0.4281   1.1665
   0.4280   1.1664
   0.4279   1.1663
   0.4278   1.1662
   0.4277   1.1661
   0.4276   1.1660
   0.4275   1.1659
   0.4274   1.1659
   0.4273   1.1658
   0.4272   1.1657
   0.4272   1.1656
   0.4271   1.1655
   0.4270   1.1654
   0.4269   1.1653
   0.4268   1.1652
   0.4267   1.1651
   0.4266   1.1650
   0.4265   1.1649
   0.4264   1.1648
   0.4264   1.1647
   0.4263   1.1646
   0.4262   1.1646
   0.4261   1.1645
   0.4260   1.1644
   0.4259   1.1643
   0.4258   1.1642
   0.4257   1.1641
   0.4257   1.1640
   0.4256   1.1639
   0.4255   1.1638
   0.4254   1.1637
   0.4253   1.1636
   0.4252   1.1635
   0.4251   1.1634
   0.4250   1.1634
   0.4250   1.1633
   0.4249   1.1632
   0.4248   1.1631
   0.4247   1.1630
   0.4246   1.1629
   0.4245   1.1628
   0.4244   1.1627
   0.4244   1.1626
   0.4243   1.1625
   0.4242   1.1624
   0.4241   1.1623
   0.4240   1.1623
   0.4239   1.1622
   0.4238   1.1621
   0.4238   1.1620
   0.4237   1.1619
   0.4236   1.1618
   0.4235   1.1617
   0.4234   1.1616
   0.4233   1.1615
   0.4232   1.1614
   0.4232   1.1613
   0.4231   1.1613
   0.4230   1.1612
   0.4229   1.1611
   0.4228   1.1610
   0.4227   1.1609
   0.4226   1.1608
   0.4226   1.1607
   0.4225   1.1606
   0.4224   1.1605
   0.4223   1.1604
   0.4222   1.1603
   0.4221   1.1603
   0.4221   1.1602
   0.4220   1.1601
   0.4219   1.1600
   0.4218   1.1599
   0.4217   1.1598
   0.4216   1.1597
   0.4216   1.1596
   0.4215   1.1595
   0.4214   1.1594
   0.4213   1.1594
   0.4212   1.1593
   0.4211   1.1592
   0.4211   1.1591
   0.4210   1.1590
   0.4209   1.1589
   0.4208   1.1588
   0.4207   1.1587
   0.4206   1.1586
   0.4206   1.1585
   0.4205   1.1584
   0.4204   1.1584
   0.4203   1.1583
   0.4202   1.1582
   0.4202   1.1581
   0.4201   1.1580
   0.4200   1.1579
   0.4199   1.1578
   0.4198   1.1577
   0.4197   1.1576
   0.4197   1.1575
   0.4196   1.1575
   0.4195   1.1574
   0.4194   1.1573
   0.4193   1.1572
   0.4193   1.1571
   0.4192   1.1570
   0.4191   1.1569
   0.4190   1.1568
   0.4189   1.1567
   0.4189   1.1567
   0.4188   1.1566
   0.4187   1.1565
   0.4186   1.1564
   0.4185   1.1563
   0.4185   1.1562
   0.4184   1.1561
   0.4183   1.1560
   0.4182   1.1559
   0.4181   1.1558
   0.4181   1.1558
   0.4180   1.1557
   0.4179   1.1556
   0.4178   1.1555
   0.4177   1.1554
   0.4177   1.1553
   0.4176   1.1552
   0.4175   1.1551
   0.4174   1.1550
   0.4173   1.1550
   0.4173   1.1549
   0.4172   1.1548
   0.4171   1.1547
   0.4170   1.1546
   0.4169   1.1545
   0.4169   1.1544
   0.4168   1.1543
   0.4167   1.1542
   0.4166   1.1542
   0.4165   1.1541
   0.4165   1.1540
   0.4164   1.1539
   0.4163   1.1538
   0.4162   1.1537
   0.4162   1.1536
   0.4161   1.1535
   0.4160   1.1534
   0.4159   1.1534
   0.4158   1.1533
   0.4158   1.1532
   0.4157   1.1531
   0.4156   1.1530
   0.4155   1.1529
   0.4155   1.1528
   0.4154   1.1527
   0.4153   1.1527
   0.4152   1.1526
   0.4152   1.1525
   0.4151   1.1524
   0.4150   1.1523
   0.4149   1.1522
   0.4148   1.1521
   0.4148   1.1521
   0.4147   1.1520
   0.4146   1.1519
   0.4145   1.1518
   0.4145   1.1517
   0.4144   1.1516
   0.4143   1.1515
   0.4142   1.1514
   0.4142   1.1514
   0.4141   1.1513
   0.4140   1.1512
   0.4139   1.1511
   0.4139   1.1510
   0.4138   1.1509
   0.4137   1.1508
   0.4136   1.1508
   0.4136   1.1507
   0.4135   1.1506
   0.4134   1.1505
   0.4133   1.1504
   0.4132   1.1503
   0.4132   1.1502
   0.4131   1.1502
   0.4130   1.1501
   0.4129   1.1500
   0.4129   1.1499
   0.4128   1.1498
   0.4127   1.1497
   0.4127   1.1497
   0.4126   1.1496
   0.4125   1.1495
   0.4124   1.1494
   0.4124   1.1493
   0.4123   1.1492
   0.4122   1.1491
   0.4121   1.1491
   0.4121   1.1490
   0.4120   1.1489
   0.4119   1.1488
   0.4118   1.1487
   0.4118   1.1486
   0.4117   1.1486
   0.4116   1.1485
   0.4115   1.1484
   0.4115   1.1483
   0.4114   1.1482
   0.4113   1.1481
   0.4112   1.1481
   0.4112   1.1480
   0.4111   1.1479
   0.4110   1.1478
   0.4110   1.1477
   0.4109   1.1476
   0.4108   1.1475
   0.4107   1.1475
   0.4107   1.1474
   0.4106   1.1473
   0.4105   1.1472
   0.4104   1.1471
   0.4104   1.1470
   0.4103   1.1470
   0.4102   1.1469
   0.4102   1.1468
   0.4101   1.1467
   0.4100   1.1466
   0.4099   1.1465
   0.4099   1.1464
   0.4098   1.1464
   0.4097   1.1463
   0.4097   1.1462
   0.4096   1.1461
   0.4095   1.1460
   0.4094   1.1459
   0.4094   1.1459
   0.4093   1.1458
   0.4092   1.1457
   0.4091   1.1456
   0.4091   1.1455
   0.4090   1.1454
   0.4089   1.1453
   0.4089   1.1453
   0.4088   1.1452
   0.4087   1.1451
   0.4087   1.1450
   0.4086   1.1449
   0.4085   1.1448
   0.4084   1.1447
   0.4084   1.1447
   0.4083   1.1446
   0.4082   1.1445
   0.4082   1.1444
   0.4081   1.1443
   0.4080   1.1442
   0.4079   1.1441
   0.4079   1.1440
   0.4078   1.1440
   0.4077   1.1439
   0.4077   1.1438
   0.4076   1.1437
   0.4075   1.1436
   0.4075   1.1435
   0.4074   1.1434
   0.4073   1.1434
   0.4072   1.1433
   0.4072   1.1432
   0.4071   1.1431
   0.4070   1.1430
   0.4070   1.1429
   0.4069   1.1428
   0.4068   1.1427
   0.4068   1.1427
   0.4067   1.1426
   0.4066   1.1425
   0.4066   1.1424
   0.4065   1.1423
   0.4064   1.1422
   0.4063   1.1421
   0.4063   1.1420
   0.4062   1.1419
   0.4061   1.1419
   0.4061   1.1418
   0.4060   1.1417
   0.4059   1.1416
   0.4059   1.1415
   0.4058   1.1414
   0.4057   1.1413
   0.4057   1.1412
   0.4056   1.1411
   0.4055   1.1411
   0.4055   1.1410
   0.4054   1.1409
   0.4053   1.1408
   0.4053   1.1407
   0.4052   1.1406
   0.4051   1.1405
   0.4051   1.1404
   0.4050   1.1403
   0.4049   1.1402
   0.4048   1.1402
   0.4048   1.1401
   0.4047   1.1400
   0.4046   1.1399
   0.4046   1.1398
   0.4045   1.1397
   0.4044   1.1397
   0.4044   1.1395
   0.4043   1.1396
   0.4043   1.1393
   0.4043   1.1398
   0.4044   1.1394
   0.4046   1.1412
   0.4053   1.1415
   0.4071   1.1480
   0.4114   1.1550
   0.4220   1.1798
   0.4455   1.2093
   0.5036   1.2708
   0.6099   1.3633
   0.8393   1.4091
   0.9616   1.4113
   1.0259   1.2434
   0.5905   1.1328
   0.4356   1.2042
   0.5270   1.1902
   0.4945   1.1427
   0.4273   1.1517
   0.4391   1.1653
   0.4460   1.1384
   0.4233   1.1316
   0.4131   1.1403
   0.4183   1.1392
   0.4181   1.1369
   0.4114   1.1353
   0.4080   1.1367
   0.4087   1.1386
   0.4092   1.1369
   0.4081   1.1364
   0.4065   1.1353
   0.4057   1.1352
   0.4055   1.1359
   0.4054   1.1352
   0.4052   1.1355
   0.4048   1.1347
   0.4045   1.1346
   0.4042   1.1344
   0.4041   1.1341
   0.4039   1.1343
   0.4038   1.1341
   0.4036   1.1343
   0.4035   1.1342
   0.4033   1.1343
   0.4032   1.1343
   0.4031   1.1342
   0.4030   1.1343
   0.4029   1.1342
   0.4027   1.1342
   0.4026   1.1341
   0.4025   1.1341
   0.4024   1.1341
   0.4023   1.1341
