0.1250000198 0.1250000140 50.0000000000 50.0000000000
0.1250000172 0.1250000112 50.0000000000 50.0000000000
0.1250000127 0.1250000074 50.0000000000 50.0000000000
0.1250000068 0.1250000029 50.0000000000 50.0000000000
0.1249999997 0.1249999976 50.0000000000 50.0000000000
0.1249999914 0.1249999914 50.0000000000 50.0000000000
0.1249999818 0.1249999842 50.0000000000 50.0000000000
0.1249999706 0.1249999756 50.0000000000 50.0000000000
0.1249999573 0.1249999654 50.0000000000 50.0000000000
0.1249999415 0.1249999530 50.0000000000 50.0000000000
0.1249999224 0.1249999380 50.0000000000 50.0000000000
0.1249998992 0.1249999197 50.0000000000 50.0000000000
0.1249998709 0.1249998974 50.0000000000 50.0000000000
0.1249998363 0.1249998702 50.0000000000 50.0000000000
0.1249997939 0.1249998368 50.0000000000 50.0000000000
0.1249997420 0.1249997960 50.0000000000 50.0000000000
0.1249996782 0.1249997461 50.0000000000 50.0000000000
0.1249996000 0.1249996849 50.0000000000 50.0000000000
0.1249995039 0.1249996100 50.0000000000 50.0000000000
0.1249993860 0.1249995181 50.0000000000 50.0000000000
0.1249992412 0.1249994056 50.0000000000 50.0000000000
0.1249990634 0.1249992676 50.0000000000 50.0000000000
0.1249988451 0.1249990984 50.0000000000 50.0000000000
0.1249985771 0.1249988910 50.0000000000 50.0000000000
0.1249982480 0.1249986367 50.0000000000 50.0000000000
0.1249978439 0.1249983247 50.0000000000 50.0000000000
0.1249973478 0.1249979421 50.0000000000 50.0000000000
0.1249967387 0.1249974726 50.0000000000 50.0000000000
0.1249959907 0.1249968967 50.0000000000 50.0000000000
0.1249950723 0.1249961902 50.0000000000 50.0000000000
0.1249939447 0.1249953232 50.0000000000 50.0000000000
0.1249925602 0.1249942593 50.0000000000 50.0000000000
0.1249908603 0.1249929538 50.0000000000 50.0000000000
0.1249887731 0.1249913517 50.0000000000 50.0000000000
0.1249862105 0.1249893856 50.0000000000 50.0000000000
0.1249830642 0.1249869727 50.0000000000 50.0000000000
0.1249792014 0.1249840115 50.2314814815 50.8064516129
0.1249744591 0.1249803774 52.5462962963 54.8387096774
0.1249686372 0.1249759176 56.4814814815 58.8709677419
0.1249614904 0.1249704445 60.6481481481 65.3225806452
0.1249527175 0.1249637285 64.1203703704 65.3225806452
0.1249419493 0.1249554876 66.8981481481 69.3548387097
0.1249287332 0.1249453766 68.5185185185 70.9677419355
0.1249125145 0.1249329726 69.6759259259 71.7741935484
0.1248926137 0.1249177577 70.1388888889 75.0000000000
0.1248681986 0.1248990988 69.6759259259 76.6129032258
0.1248382511 0.1248762214 71.5277777778 79.0322580645
0.1248015267 0.1248481802 70.6018518519 79.0322580645
0.1247565050 0.1248138224 70.3703703704 78.2258064516
0.1247013317 0.1247717440 71.0648148148 79.0322580645
0.1246337478 0.1247202391 69.9074074074 78.2258064516
0.1245510073 0.1246572391 68.7500000000 76.6129032258
0.1244497787 0.1245802435 68.5185185185 75.8064516129
0.1243260329 0.1244862407 68.2870370370 75.0000000000
0.1241749127 0.1243716188 69.2129629630 75.8064516129
0.1239905885 0.1242320712 69.2129629630 75.8064516129
0.1237661007 0.1240624973 69.6759259259 75.8064516129
0.1234931952 0.1238569079 69.4444444444 75.8064516129
0.1231621626 0.1236083462 69.6759259259 76.6129032258
0.1227616990 0.1233088401 69.4444444444 76.6129032258
0.1222788130 0.1229494111 69.2129629630 75.8064516129
0.1216988172 0.1225201705 68.9814814815 75.8064516129
0.1210054534 0.1220105431 68.9814814815 75.8064516129
0.1201812151 0.1214096637 68.9814814815 75.8064516129
0.1192079380 0.1207069895 68.9814814815 75.8064516129
0.1180677334 0.1198931597 69.2129629630 75.8064516129
0.1167443171 0.1189611041 69.4444444444 75.8064516129
0.1152247458 0.1179073468 69.2129629630 75.8064516129
0.1135014883 0.1167333770 69.6759259259 76.6129032258
0.1115746413 0.1154468686 69.6759259259 76.6129032258
0.1094539554 0.1140624576 69.9074074074 77.4193548387
0.1071602119 0.1126017655 70.1388888889 78.2258064516
0.1047254479 0.1110924372 70.1388888889 78.2258064516
0.1021916355 0.1095661511 69.9074074074 78.2258064516
0.0996077186 0.1080558342 69.9074074074 77.4193548387
0.0970253535 0.1065925617 70.3703703704 78.2258064516
0.0944941161 0.1052027369 70.6018518519 79.0322580645
0.0920571493 0.1039060641 71.2962962963 80.6451612903
0.0897480917 0.1027145844 71.2962962963 81.4516129032
0.0875897064 0.1016327738 71.5277777778 82.2580645161
0.0855941208 0.1006585058 71.5277777778 81.4516129032
0.0837642331 0.0997846005 71.7592592593 82.2580645161
0.0820957257 0.0990006736 71.9907407407 82.2580645161
0.0805792188 0.0982950038 72.6851851852 82.2580645161
0.0792022619 0.0976561583 72.4537037037 82.2580645161
0.0779509984 0.0970741566 72.9166666667 83.0645161290
0.0768114347 0.0965410583 72.9166666667 83.0645161290
0.0757703043 0.0960509973 72.9166666667 83.8709677419
0.0748155689 0.0955998088 72.9166666667 83.8709677419
0.0739366376 0.0951844611 73.1481481481 83.8709677419
0.0731243932 0.0948024985 73.6111111111 83.8709677419
0.0723711039 0.0944516321 73.8425925926 84.6774193548
0.0716702729 0.0941295356 74.0740740741 84.6774193548
0.0710164604 0.0938338266 74.0740740741 84.6774193548
0.0704051016 0.0935621691 73.8425925926 84.6774193548
0.0698323382 0.0933124154 74.0740740741 84.6774193548
0.0692948774 0.0930827202 73.8425925926 84.6774193548
0.0687898797 0.0928715854 74.0740740741 84.6774193548
0.0683148745 0.0926778280 74.0740740741 84.6774193548
0.0678676938 0.0925004922 74.3055555556 84.6774193548
0.0674464202 0.0923387402 74.3055555556 84.6774193548
0.0670493430 0.0921917539 74.0740740741 84.6774193548
0.0666749212 0.0920586721 74.0740740741 84.6774193548
0.0663217524 0.0919385669 74.7685185185 85.4838709677
0.0659885468 0.0918304571 74.7685185185 85.4838709677
0.0656741050 0.0917333423 74.3055555556 85.4838709677
0.0653773009 0.0916462442 74.3055555556 85.4838709677
0.0650970685 0.0915682409 74.5370370370 85.4838709677
0.0648323929 0.0914984885 74.5370370370 85.4838709677
0.0645823042 0.0914362268 74.5370370370 85.4838709677
0.0643458742 0.0913807732 74.5370370370 85.4838709677
0.0641222144 0.0913315092 74.3055555556 85.4838709677
0.0639104762 0.0912878662 74.3055555556 85.4838709677
0.0637098501 0.0912493125 74.3055555556 86.2903225806
0.0635195669 0.0912153466 74.5370370370 87.0967741935
0.0633388974 0.0911854937 74.3055555556 87.0967741935
0.0631671532 0.0911593070 74.7685185185 87.0967741935
0.0630036862 0.0911363696 74.7685185185 87.0967741935
0.0628478880 0.0911162974 75.0000000000 87.0967741935
0.0626991897 0.0910987393 75.0000000000 87.0967741935
0.0625570602 0.0910833767 75.0000000000 87.0967741935
0.0624210052 0.0910699211 75.0000000000 87.0967741935
0.0622905654 0.0910581101 75.0000000000 87.0967741935
0.0621653148 0.0910477042 75.0000000000 87.0967741935
0.0620448588 0.0910384829 75.2314814815 87.0967741935
0.0619288322 0.0910302424 75.2314814815 87.0967741935
0.0618168974 0.0910227933 75.4629629630 87.0967741935
0.0617087422 0.0910159599 75.4629629630 87.0967741935
0.0616040779 0.0910095791 75.4629629630 87.0967741935
0.0615026376 0.0910035002 75.4629629630 87.0967741935
0.0614041744 0.0909975841 75.4629629630 87.0967741935
0.0613084596 0.0909917025 75.4629629630 87.0967741935
0.0612152810 0.0909857372 75.4629629630 87.0967741935
0.0611244419 0.0909795788 75.4629629630 87.0967741935
0.0610357590 0.0909731255 75.4629629630 87.0967741935
0.0609490620 0.0909662824 75.4629629630 87.0967741935
0.0608641914 0.0909589599 75.4629629630 87.0967741935
0.0607809983 0.0909510735 75.4629629630 87.0967741935
0.0606993427 0.0909425425 75.6944444444 87.0967741935
0.0606190931 0.0909332897 75.6944444444 87.0967741935
0.0605401253 0.0909232407 75.4629629630 87.0967741935
0.0604623218 0.0909123235 75.4629629630 87.0967741935
0.0603855707 0.0909004679 75.4629629630 87.0967741935
0.0603097656 0.0908876051 75.6944444444 87.0967741935
0.0602348046 0.0908736670 75.6944444444 87.0967741935
0.0601605896 0.0908585860 75.9259259259 87.0967741935
0.0600870263 0.0908422943 75.9259259259 87.0967741935
0.0600140230 0.0908247236 76.1574074074 87.0967741935
0.0599414907 0.0908058044 76.1574074074 87.0967741935
0.0598693423 0.0907854664 76.3888888889 87.0967741935
0.0597974922 0.0907636370 76.3888888889 87.0967741935
0.0597258564 0.0907402422 76.3888888889 87.0967741935
0.0596543512 0.0907152053 76.6203703704 87.9032258065
0.0595828938 0.0906884473 76.6203703704 87.9032258065
0.0595114013 0.0906598862 76.6203703704 87.9032258065
0.0594397905 0.0906294371 76.6203703704 87.9032258065
0.0593679778 0.0905970116 76.6203703704 87.9032258065
0.0592958786 0.0905625177 76.6203703704 87.9032258065
0.0592234072 0.0905258595 76.6203703704 87.9032258065
0.0591504764 0.0904869371 76.8518518519 87.9032258065
0.0590769972 0.0904456462 76.8518518519 87.9032258065
0.0590028784 0.0904018781 76.8518518519 87.9032258065
0.0589280266 0.0903555190 76.8518518519 87.9032258065
0.0588523458 0.0903064507 76.8518518519 87.9032258065
0.0587757369 0.0902545493 77.0833333333 87.9032258065
0.0586980978 0.0901996862 77.5462962963 87.9032258065
0.0586193229 0.0901417270 77.5462962963 87.9032258065
0.0585393028 0.0900805320 77.5462962963 87.9032258065
0.0584579245 0.0900159559 78.0092592593 87.9032258065
0.0583750705 0.0899478478 78.2407407407 87.9032258065
0.0582906193 0.0898760510 78.2407407407 87.9032258065
0.0582044446 0.0898004033 78.2407407407 87.9032258065
0.0581164153 0.0897207369 78.4722222222 87.9032258065
0.0580263958 0.0896368787 78.4722222222 87.9032258065
0.0579342452 0.0895486499 78.4722222222 87.9032258065
0.0578398174 0.0894558671 78.4722222222 87.9032258065
0.0577429613 0.0893583416 78.4722222222 87.9032258065
0.0576435205 0.0892558804 78.4722222222 87.9032258065
0.0575413332 0.0891482860 78.9351851852 87.9032258065
0.0574362327 0.0890353573 78.9351851852 87.9032258065
0.0573280470 0.0889168892 79.1666666667 87.9032258065
0.0572165991 0.0887926739 79.3981481481 87.9032258065
0.0571017077 0.0886625005 79.3981481481 87.9032258065
0.0569831869 0.0885261561 79.3981481481 87.9032258065
0.0568608473 0.0883834257 79.3981481481 87.9032258065
0.0567344963 0.0882340931 79.3981481481 87.9032258065
0.0566039390 0.0880779409 79.3981481481 87.9032258065
0.0564689794 0.0879147516 79.6296296296 87.9032258065
0.0563294219 0.0877443077 79.6296296296 87.9032258065
0.0561850725 0.0875663925 79.6296296296 87.9032258065
0.0560357415 0.0873807913 79.8611111111 87.9032258065
0.0558812453 0.0871872922 80.5555555556 88.7096774194
0.0557214099 0.0869856872 80.5555555556 88.7096774194
0.0555560741 0.0867757745 80.5555555556 88.7096774194
0.0553850933 0.0865573602 80.5555555556 88.7096774194
0.0552083439 0.0863302611 80.5555555556 88.7096774194
0.0550257283 0.0860943076 80.7870370370 88.7096774194
0.0548371794 0.0858493478 80.7870370370 88.7096774194
0.0546426662 0.0855952514 80.7870370370 88.7096774194
0.0544421983 0.0853319139 81.0185185185 88.7096774194
0.0542358309 0.0850592621 81.0185185185 88.7096774194
0.0540236682 0.0847772585 81.2500000000 89.5161290323
0.0538058661 0.0844859058 81.2500000000 89.5161290323
0.0535826334 0.0841852509 81.2500000000 89.5161290323
0.0533542312 0.0838753881 81.4814814815 89.5161290323
0.0531209701 0.0835564607 81.4814814815 89.5161290323
0.0528832052 0.0832286608 81.7129629630 89.5161290323
0.0526413294 0.0828922283 81.7129629630 89.5161290323
0.0523957645 0.0825474469 81.7129629630 89.5161290323
0.0521469504 0.0821946386 81.7129629630 89.5161290323
0.0518953342 0.0818341575 81.7129629630 89.5161290323
0.0516413584 0.0814663809 81.7129629630 89.5161290323
0.0513854495 0.0810917009 81.7129629630 89.5161290323
0.0511280086 0.0807105152 81.7129629630 89.5161290323
0.0508694025 0.0803232190 81.7129629630 89.5161290323
0.0506099584 0.0799301969 81.9444444444 89.5161290323
0.0503499600 0.0795318173 81.9444444444 89.5161290323
0.0500896471 0.0791284277 82.1759259259 89.5161290323
0.0498292168 0.0787203522 82.4074074074 89.5161290323
0.0495688276 0.0783078910 82.8703703704 89.5161290323
0.0493086037 0.0778913213 82.8703703704 89.5161290323
0.0490486421 0.0774708995 82.8703703704 89.5161290323
0.0487890182 0.0770468645 82.8703703704 89.5161290323
0.0485297927 0.0766194420 82.8703703704 89.5161290323
0.0482710175 0.0761888485 82.8703703704 89.5161290323
0.0480127398 0.0757552953 82.8703703704 89.5161290323
0.0477550072 0.0753189929 82.8703703704 89.5161290323
0.0474978693 0.0748801538 82.8703703704 89.5161290323
0.0472413802 0.0744389953 82.8703703704 89.5161290323
0.0469855984 0.0739957418 82.8703703704 89.5161290323
0.0467305875 0.0735506255 82.8703703704 89.5161290323
0.0464764147 0.0731038872 82.8703703704 89.5161290323
0.0462231499 0.0726557763 82.8703703704 89.5161290323
0.0459708641 0.0722065500 82.8703703704 89.5161290323
0.0457196277 0.0717564723 82.8703703704 89.5161290323
0.0454695091 0.0713058124 83.1018518519 89.5161290323
0.0452205732 0.0708548431 83.1018518519 89.5161290323
0.0449728798 0.0704038383 83.1018518519 89.5161290323
0.0447264828 0.0699530713 83.1018518519 89.5161290323
0.0444814293 0.0695028124 83.1018518519 89.5161290323
0.0442377589 0.0690533264 83.1018518519 89.5161290323
0.0439955035 0.0686048706 83.1018518519 89.5161290323
0.0437546870 0.0681576925 83.1018518519 89.5161290323
0.0435153255 0.0677120276 83.1018518519 89.5161290323
0.0432774274 0.0672680981 83.1018518519 89.5161290323
0.0430409942 0.0668261107 83.1018518519 89.5161290323
0.0428060204 0.0663862557 83.1018518519 89.5161290323
0.0425724946 0.0659487057 83.1018518519 89.5161290323
0.0423404000 0.0655136150 83.1018518519 89.5161290323
0.0421097150 0.0650811188 83.1018518519 89.5161290323
0.0418804142 0.0646513336 83.1018518519 89.5161290323
0.0416524686 0.0642243566 83.1018518519 89.5161290323
0.0414258469 0.0638002666 83.1018518519 89.5161290323
0.0412005154 0.0633791243 83.1018518519 89.5161290323
0.0409764390 0.0629609731 83.3333333333 89.5161290323
0.0407535817 0.0625458403 83.3333333333 89.5161290323
0.0405319063 0.0621337375 83.3333333333 89.5161290323
0.0403113757 0.0617246623 83.3333333333 89.5161290323
0.0400919520 0.0613185995 83.3333333333 89.5161290323
0.0398735973 0.0609155216 83.3333333333 89.5161290323
0.0396562735 0.0605153906 83.3333333333 89.5161290323
0.0394399421 0.0601181587 83.3333333333 89.5161290323
0.0392245637 0.0597237694 83.3333333333 89.5161290323
0.0390100985 0.0593321582 83.3333333333 89.5161290323
0.0387965049 0.0589432532 83.3333333333 89.5161290323
0.0385837396 0.0585569758 83.3333333333 89.5161290323
0.0383717570 0.0581732409 83.3333333333 89.5161290323
0.0381605080 0.0577919568 83.3333333333 89.5161290323
0.0379499399 0.0574130256 83.3333333333 89.5161290323
0.0377399945 0.0570363420 83.3333333333 89.5161290323
0.0375306079 0.0566617936 83.3333333333 89.5161290323
0.0373217089 0.0562892593 83.3333333333 89.5161290323
0.0371132175 0.0559186087 83.3333333333 89.5161290323
0.0369050435 0.0555497003 83.3333333333 89.5161290323
0.0366970850 0.0551823800 83.3333333333 89.5161290323
0.0364892261 0.0548164791 83.3333333333 89.5161290323
0.0362813353 0.0544518120 83.3333333333 89.5161290323
0.0360732627 0.0540881735 83.3333333333 89.5161290323
0.0358648379 0.0537253363 83.5648148148 90.3225806452
0.0356558674 0.0533630473 83.5648148148 90.3225806452
0.0354461312 0.0530010246 83.5648148148 90.3225806452
0.0352353807 0.0526389537 83.5648148148 90.3225806452
0.0350233349 0.0522764836 83.5648148148 90.3225806452
0.0348096777 0.0519132232 83.5648148148 90.3225806452
0.0345940549 0.0515487372 83.5648148148 90.3225806452
0.0343760714 0.0511825424 83.5648148148 90.3225806452
0.0341552891 0.0508141047 83.5648148148 90.3225806452
0.0339312250 0.0504428362 83.5648148148 90.3225806452
0.0337033509 0.0500680936 83.7962962963 91.1290322581
0.0334710935 0.0496891774 83.7962962963 91.1290322581
0.0332338371 0.0493053332 84.0277777778 91.1290322581
0.0329909270 0.0489157543 84.0277777778 91.1290322581
0.0327416765 0.0485195874 84.0277777778 91.1290322581
0.0324853758 0.0481159397 84.0277777778 91.1290322581
0.0322213029 0.0477038899 84.0277777778 91.1290322581
0.0319487390 0.0472825008 84.0277777778 91.1290322581
0.0316669840 0.0468508356 84.2592592593 91.1290322581
0.0313753756 0.0464079757 84.4907407407 91.1290322581
0.0310733085 0.0459530399 84.7222222222 91.1290322581
0.0307602530 0.0454852055 84.7222222222 91.1290322581
0.0304357724 0.0450037283 84.7222222222 91.1290322581
0.0300995374 0.0445079627 84.9537037037 91.1290322581
0.0297513359 0.0439973797 85.1851851852 91.1290322581
0.0293910777 0.0434715827 85.4166666667 91.9354838710
0.0290187936 0.0429303201 85.8796296296 92.7419354839
0.0286346294 0.0423734953 86.1111111111 92.7419354839
0.0282388357 0.0418011720 86.1111111111 92.7419354839
0.0278317535 0.0412135756 86.5740740741 92.7419354839
0.0274137999 0.0406110894 87.0370370370 94.3548387097
0.0269854517 0.0399942466 87.2685185185 95.1612903226
0.0265472323 0.0393637163 87.2685185185 95.1612903226
0.0260996991 0.0387202857 88.1944444444 95.9677419355
0.0256434353 0.0380648382 88.6574074074 95.9677419355
0.0251790442 0.0373983308 89.3518518519 96.7741935484
0.0247071478 0.0367217712 89.5833333333 96.7741935484
0.0242283877 0.0360361978 90.0462962963 96.7741935484
0.0237434302 0.0353426656 90.7407407407 96.7741935484
0.0232529723 0.0346422368 90.7407407407 96.7741935484
0.0227577499 0.0339359797 91.4351851852 96.7741935484
0.0222585457 0.0332249736 92.1296296296 96.7741935484
0.0217561960 0.0325103185 93.0555555556 96.7741935484
0.0212515952 0.0317931484 93.9814814815 97.5806451613
0.0207456976 0.0310746439 94.2129629630 97.5806451613
0.0202395147 0.0303560429 94.4444444444 97.5806451613
0.0197341091 0.0296386464 94.9074074074 97.5806451613
0.0192305834 0.0289238173 95.6018518519 98.3870967742
0.0187300669 0.0282129721 96.2962962963 99.1935483871
0.0182336982 0.0275075652 96.2962962963 99.1935483871
0.0177426070 0.0268090675 97.2222222222 99.1935483871
0.0172578947 0.0261189393 97.6851851852 99.1935483871
0.0167806155 0.0254386027 97.6851851852 99.1935483871
0.0163117589 0.0247694123 98.1481481481 99.1935483871
0.0158522341 0.0241126294 98.6111111111 100.0000000000
0.0154028578 0.0234693993 99.0740740741 100.0000000000
0.0149643443 0.0228407343 99.0740740741 100.0000000000
0.0145373000 0.0222275019 99.0740740741 100.0000000000
0.0141222201 0.0216304185 99.0740740741 100.0000000000
0.0137194893 0.0210500495 99.3055555556 100.0000000000
0.0133293848 0.0204868123 99.5370370370 100.0000000000
0.0129520814 0.0199409840 99.5370370370 100.0000000000
0.0125876586 0.0194127118 99.7685185185 100.0000000000
0.0122361088 0.0189020243 99.7685185185 100.0000000000
0.0118973467 0.0184088444 100.0000000000 100.0000000000
0.0115712183 0.0179330025 100.0000000000 100.0000000000
0.0112575108 0.0174742491 100.0000000000 100.0000000000
0.0109559616 0.0170322672 100.0000000000 100.0000000000
0.0106662670 0.0166066838 100.0000000000 100.0000000000
0.0103880909 0.0161970804 100.0000000000 100.0000000000
0.0101210715 0.0158030024 100.0000000000 100.0000000000
0.0098648288 0.0154239680 100.0000000000 100.0000000000
0.0096189699 0.0150594757 100.0000000000 100.0000000000
0.0093830946 0.0147090106 100.0000000000 100.0000000000
0.0091567998 0.0143720507 100.0000000000 100.0000000000
0.0089396829 0.0140480713 100.0000000000 100.0000000000
0.0087313456 0.0137365499 100.0000000000 100.0000000000
0.0085313961 0.0134369689 100.0000000000 100.0000000000
0.0083394511 0.0131488195 100.0000000000 100.0000000000
0.0081551379 0.0128716034 100.0000000000 100.0000000000
0.0079780953 0.0126048350 100.0000000000 100.0000000000
0.0078079746 0.0123480429 100.0000000000 100.0000000000
0.0076444404 0.0121007711 100.0000000000 100.0000000000
0.0074871711 0.0118625798 100.0000000000 100.0000000000
0.0073358588 0.0116330459 100.0000000000 100.0000000000
0.0071902097 0.0114117635 100.0000000000 100.0000000000
0.0070499437 0.0111983439 100.0000000000 100.0000000000
0.0069147945 0.0109924155 100.0000000000 100.0000000000
0.0067845090 0.0107936239 100.0000000000 100.0000000000
0.0066588473 0.0106016313 100.0000000000 100.0000000000
0.0065375821 0.0104161164 100.0000000000 100.0000000000
0.0064204980 0.0102367739 100.0000000000 100.0000000000
0.0063073917 0.0100633139 100.0000000000 100.0000000000
0.0061980706 0.0098954612 100.0000000000 100.0000000000
0.0060923531 0.0097329553 100.0000000000 100.0000000000
0.0059900677 0.0095755492 100.0000000000 100.0000000000
0.0058910523 0.0094230091 100.0000000000 100.0000000000
0.0057951542 0.0092751139 100.0000000000 100.0000000000
0.0057022292 0.0091316542 100.0000000000 100.0000000000
0.0056121413 0.0089924321 100.0000000000 100.0000000000
0.0055247622 0.0088572605 100.0000000000 100.0000000000
0.0054399709 0.0087259623 100.0000000000 100.0000000000
0.0053576530 0.0085983701 100.0000000000 100.0000000000
0.0052777007 0.0084743257 100.0000000000 100.0000000000
0.0052000123 0.0083536795 100.0000000000 100.0000000000
0.0051244915 0.0082362898 100.0000000000 100.0000000000
0.0050510475 0.0081220227 100.0000000000 100.0000000000
0.0049795945 0.0080107513 100.0000000000 100.0000000000
0.0049100512 0.0079023557 100.0000000000 100.0000000000
0.0048423408 0.0077967223 100.0000000000 100.0000000000
0.0047763905 0.0076937431 100.0000000000 100.0000000000
0.0047121315 0.0075933162 100.0000000000 100.0000000000
0.0046494984 0.0074953448 100.0000000000 100.0000000000
0.0045884295 0.0073997369 100.0000000000 100.0000000000
0.0045288659 0.0073064054 100.0000000000 100.0000000000
0.0044707519 0.0072152673 100.0000000000 100.0000000000
0.0044140346 0.0071262439 100.0000000000 100.0000000000
0.0043586636 0.0070392605 100.0000000000 100.0000000000
0.0043045910 0.0069542457 100.0000000000 100.0000000000
0.0042517712 0.0068711317 100.0000000000 100.0000000000
0.0042001609 0.0067898539 100.0000000000 100.0000000000
0.0041497187 0.0067103508 100.0000000000 100.0000000000
0.0041004052 0.0066325636 100.0000000000 100.0000000000
0.0040521827 0.0065564363 100.0000000000 100.0000000000
0.0040050154 0.0064819153 100.0000000000 100.0000000000
0.0039588690 0.0064089496 100.0000000000 100.0000000000
0.0039137106 0.0063374904 100.0000000000 100.0000000000
0.0038695089 0.0062674907 100.0000000000 100.0000000000
0.0038262339 0.0061989060 100.0000000000 100.0000000000
0.0037838569 0.0061316934 100.0000000000 100.0000000000
0.0037423504 0.0060658118 100.0000000000 100.0000000000
0.0037016880 0.0060012218 100.0000000000 100.0000000000
0.0036618444 0.0059378859 100.0000000000 100.0000000000
0.0036227953 0.0058757676 100.0000000000 100.0000000000
0.0035845175 0.0058148323 100.0000000000 100.0000000000
0.0035469886 0.0057550466 100.0000000000 100.0000000000
0.0035101871 0.0056963783 100.0000000000 100.0000000000
0.0034740924 0.0056387965 100.0000000000 100.0000000000
0.0034386845 0.0055822717 100.0000000000 100.0000000000
0.0034039443 0.0055267751 100.0000000000 100.0000000000
0.0033698535 0.0054722792 100.0000000000 100.0000000000
0.0033363944 0.0054187575 100.0000000000 100.0000000000
0.0033035497 0.0053661845 100.0000000000 100.0000000000
0.0032713032 0.0053145355 100.0000000000 100.0000000000
0.0032396388 0.0052637867 100.0000000000 100.0000000000
0.0032085414 0.0052139152 100.0000000000 100.0000000000
0.0031779961 0.0051648988 100.0000000000 100.0000000000
0.0031479887 0.0051167162 100.0000000000 100.0000000000
0.0031185055 0.0050693466 100.0000000000 100.0000000000
0.0030895330 0.0050227702 100.0000000000 100.0000000000
0.0030610586 0.0049769675 100.0000000000 100.0000000000
0.0030330697 0.0049319199 100.0000000000 100.0000000000
0.0030055543 0.0048876094 100.0000000000 100.0000000000
0.0029785009 0.0048440184 100.0000000000 100.0000000000
0.0029518982 0.0048011300 100.0000000000 100.0000000000
0.0029257354 0.0047589279 100.0000000000 100.0000000000
0.0029000018 0.0047173961 100.0000000000 100.0000000000
0.0028746873 0.0046765192 100.0000000000 100.0000000000
0.0028497821 0.0046362824 100.0000000000 100.0000000000
0.0028252765 0.0045966711 100.0000000000 100.0000000000
0.0028011613 0.0045576714 100.0000000000 100.0000000000
0.0027774275 0.0045192696 100.0000000000 100.0000000000
0.0027540663 0.0044814525 100.0000000000 100.0000000000
0.0027310694 0.0044442072 100.0000000000 100.0000000000
0.0027084285 0.0044075214 100.0000000000 100.0000000000
0.0026861357 0.0043713830 100.0000000000 100.0000000000
0.0026641832 0.0043357802 100.0000000000 100.0000000000
0.0026425635 0.0043007016 100.0000000000 100.0000000000
0.0026212693 0.0042661360 100.0000000000 100.0000000000
0.0026002936 0.0042320729 100.0000000000 100.0000000000
0.0025796295 0.0041985016 100.0000000000 100.0000000000
0.0025592704 0.0041654119 100.0000000000 100.0000000000
0.0025392096 0.0041327940 100.0000000000 100.0000000000
0.0025194409 0.0041006382 100.0000000000 100.0000000000
0.0024999582 0.0040689351 100.0000000000 100.0000000000
0.0024807556 0.0040376757 100.0000000000 100.0000000000
0.0024618271 0.0040068509 100.0000000000 100.0000000000
0.0024431671 0.0039764522 100.0000000000 100.0000000000
0.0024247702 0.0039464710 100.0000000000 100.0000000000
0.0024066311 0.0039168993 100.0000000000 100.0000000000
0.0023887444 0.0038877290 100.0000000000 100.0000000000
0.0023711051 0.0038589522 100.0000000000 100.0000000000
0.0023537083 0.0038305615 100.0000000000 100.0000000000
0.0023365493 0.0038025493 100.0000000000 100.0000000000
0.0023196232 0.0037749086 100.0000000000 100.0000000000
0.0023029255 0.0037476321 100.0000000000 100.0000000000
0.0022864518 0.0037207131 100.0000000000 100.0000000000
0.0022701978 0.0036941449 100.0000000000 100.0000000000
0.0022541592 0.0036679209 100.0000000000 100.0000000000
0.0022383319 0.0036420348 100.0000000000 100.0000000000
0.0022227120 0.0036164803 100.0000000000 100.0000000000
0.0022072953 0.0035912514 100.0000000000 100.0000000000
0.0021920783 0.0035663421 100.0000000000 100.0000000000
0.0021770571 0.0035417467 100.0000000000 100.0000000000
0.0021622280 0.0035174595 100.0000000000 100.0000000000
0.0021475876 0.0034934749 100.0000000000 100.0000000000
0.0021331324 0.0034697877 100.0000000000 100.0000000000
0.0021188590 0.0034463924 100.0000000000 100.0000000000
0.0021047641 0.0034232841 100.0000000000 100.0000000000
0.0020908444 0.0034004576 100.0000000000 100.0000000000
0.0020770969 0.0033779081 100.0000000000 100.0000000000
0.0020635185 0.0033556307 100.0000000000 100.0000000000
0.0020501061 0.0033336208 100.0000000000 100.0000000000
0.0020368568 0.0033118737 100.0000000000 100.0000000000
0.0020237678 0.0032903850 100.0000000000 100.0000000000
0.0020108362 0.0032691503 100.0000000000 100.0000000000
0.0019980594 0.0032481654 100.0000000000 100.0000000000
0.0019854346 0.0032274259 100.0000000000 100.0000000000
0.0019729593 0.0032069279 100.0000000000 100.0000000000
0.0019606308 0.0031866672 100.0000000000 100.0000000000
0.0019484467 0.0031666401 100.0000000000 100.0000000000
0.0019364046 0.0031468425 100.0000000000 100.0000000000
0.0019245020 0.0031272708 100.0000000000 100.0000000000
0.0019127366 0.0031079213 100.0000000000 100.0000000000
0.0019011062 0.0030887904 100.0000000000 100.0000000000
0.0018896084 0.0030698745 100.0000000000 100.0000000000
0.0018782412 0.0030511702 100.0000000000 100.0000000000
0.0018670023 0.0030326741 100.0000000000 100.0000000000
0.0018558896 0.0030143830 100.0000000000 100.0000000000
0.0018449012 0.0029962934 100.0000000000 100.0000000000
0.0018340350 0.0029784024 100.0000000000 100.0000000000
0.0018232890 0.0029607067 100.0000000000 100.0000000000
0.0018126614 0.0029432033 100.0000000000 100.0000000000
0.0018021501 0.0029258893 100.0000000000 100.0000000000
0.0017917535 0.0029087616 100.0000000000 100.0000000000
0.0017814696 0.0028918175 100.0000000000 100.0000000000
0.0017712968 0.0028750541 100.0000000000 100.0000000000
0.0017612332 0.0028584687 100.0000000000 100.0000000000
0.0017512772 0.0028420585 100.0000000000 100.0000000000
0.0017414271 0.0028258209 100.0000000000 100.0000000000
0.0017316813 0.0028097533 100.0000000000 100.0000000000
0.0017220381 0.0027938532 100.0000000000 100.0000000000
0.0017124961 0.0027781180 100.0000000000 100.0000000000
0.0017030536 0.0027625454 100.0000000000 100.0000000000
0.0016937093 0.0027471329 100.0000000000 100.0000000000
0.0016844615 0.0027318782 100.0000000000 100.0000000000
0.0016753089 0.0027167789 100.0000000000 100.0000000000
0.0016662500 0.0027018327 100.0000000000 100.0000000000
0.0016572834 0.0026870376 100.0000000000 100.0000000000
0.0016484079 0.0026723912 100.0000000000 100.0000000000
0.0016396219 0.0026578914 100.0000000000 100.0000000000
0.0016309244 0.0026435362 100.0000000000 100.0000000000
0.0016223138 0.0026293234 100.0000000000 100.0000000000
0.0016137890 0.0026152511 100.0000000000 100.0000000000
0.0016053488 0.0026013172 100.0000000000 100.0000000000
0.0015969919 0.0025875199 100.0000000000 100.0000000000
0.0015887171 0.0025738571 100.0000000000 100.0000000000
0.0015805233 0.0025603270 100.0000000000 100.0000000000
0.0015724093 0.0025469278 100.0000000000 100.0000000000
0.0015643739 0.0025336577 100.0000000000 100.0000000000
0.0015564162 0.0025205148 100.0000000000 100.0000000000
0.0015485349 0.0025074974 100.0000000000 100.0000000000
0.0015407291 0.0024946038 100.0000000000 100.0000000000
0.0015329977 0.0024818323 100.0000000000 100.0000000000
0.0015253395 0.0024691813 100.0000000000 100.0000000000
0.0015177538 0.0024566491 100.0000000000 100.0000000000
0.0015102394 0.0024442341 100.0000000000 100.0000000000
0.0015027953 0.0024319348 100.0000000000 100.0000000000
0.0014954207 0.0024197496 100.0000000000 100.0000000000
0.0014881145 0.0024076769 100.0000000000 100.0000000000
0.0014808759 0.0023957154 100.0000000000 100.0000000000
0.0014737040 0.0023838635 100.0000000000 100.0000000000
0.0014665977 0.0023721198 100.0000000000 100.0000000000
0.0014595564 0.0023604828 100.0000000000 100.0000000000
0.0014525791 0.0023489512 100.0000000000 100.0000000000
0.0014456650 0.0023375236 100.0000000000 100.0000000000
0.0014388132 0.0023261987 100.0000000000 100.0000000000
0.0014320229 0.0023149751 100.0000000000 100.0000000000
0.0014252934 0.0023038516 100.0000000000 100.0000000000
0.0014186238 0.0022928268 100.0000000000 100.0000000000
0.0014120133 0.0022818995 100.0000000000 100.0000000000
0.0014054612 0.0022710684 100.0000000000 100.0000000000
0.0013989668 0.0022603324 100.0000000000 100.0000000000
0.0013925293 0.0022496903 100.0000000000 100.0000000000
0.0013861480 0.0022391408 100.0000000000 100.0000000000
0.0013798221 0.0022286828 100.0000000000 100.0000000000
0.0013735510 0.0022183151 100.0000000000 100.0000000000
0.0013673340 0.0022080367 100.0000000000 100.0000000000
0.0013611704 0.0021978465 100.0000000000 100.0000000000
0.0013550595 0.0021877433 100.0000000000 100.0000000000
0.0013490007 0.0021777260 100.0000000000 100.0000000000
0.0013429933 0.0021677937 100.0000000000 100.0000000000
0.0013370368 0.0021579453 100.0000000000 100.0000000000
0.0013311303 0.0021481798 100.0000000000 100.0000000000
0.0013252735 0.0021384962 100.0000000000 100.0000000000
0.0013194656 0.0021288934 100.0000000000 100.0000000000
0.0013137060 0.0021193706 100.0000000000 100.0000000000
0.0013079943 0.0021099267 100.0000000000 100.0000000000
0.0013023297 0.0021005608 100.0000000000 100.0000000000
0.0012967117 0.0020912720 100.0000000000 100.0000000000
0.0012911398 0.0020820594 100.0000000000 100.0000000000
0.0012856134 0.0020729221 100.0000000000 100.0000000000
0.0012801320 0.0020638591 100.0000000000 100.0000000000
0.0012746951 0.0020548697 100.0000000000 100.0000000000
0.0012693020 0.0020459530 100.0000000000 100.0000000000
0.0012639524 0.0020371080 100.0000000000 100.0000000000
0.0012586456 0.0020283341 100.0000000000 100.0000000000
0.0012533813 0.0020196303 100.0000000000 100.0000000000
0.0012481588 0.0020109958 100.0000000000 100.0000000000
0.0012429777 0.0020024300 100.0000000000 100.0000000000
0.0012378376 0.0019939319 100.0000000000 100.0000000000
0.0012327379 0.0019855008 100.0000000000 100.0000000000
0.0012276783 0.0019771359 100.0000000000 100.0000000000
0.0012226582 0.0019688366 100.0000000000 100.0000000000
0.0012176771 0.0019606020 100.0000000000 100.0000000000
0.0012127347 0.0019524314 100.0000000000 100.0000000000
0.0012078305 0.0019443241 100.0000000000 100.0000000000
0.0012029641 0.0019362795 100.0000000000 100.0000000000
0.0011981351 0.0019282967 100.0000000000 100.0000000000
0.0011933430 0.0019203752 100.0000000000 100.0000000000
0.0011885874 0.0019125142 100.0000000000 100.0000000000
0.0011838679 0.0019047130 100.0000000000 100.0000000000
0.0011791841 0.0018969711 100.0000000000 100.0000000000
0.0011745357 0.0018892878 100.0000000000 100.0000000000
0.0011699222 0.0018816624 100.0000000000 100.0000000000
0.0011653432 0.0018740943 100.0000000000 100.0000000000
0.0011607985 0.0018665829 100.0000000000 100.0000000000
0.0011562875 0.0018591275 100.0000000000 100.0000000000
0.0011518100 0.0018517277 100.0000000000 100.0000000000
0.0011473655 0.0018443826 100.0000000000 100.0000000000
0.0011429537 0.0018370919 100.0000000000 100.0000000000
0.0011385744 0.0018298549 100.0000000000 100.0000000000
0.0011342270 0.0018226710 100.0000000000 100.0000000000
0.0011299113 0.0018155396 100.0000000000 100.0000000000
0.0011256270 0.0018084603 100.0000000000 100.0000000000
0.0011213736 0.0018014325 100.0000000000 100.0000000000
0.0011171510 0.0017944556 100.0000000000 100.0000000000
0.0011129587 0.0017875290 100.0000000000 100.0000000000
0.0011087964 0.0017806524 100.0000000000 100.0000000000
0.0011046639 0.0017738251 100.0000000000 100.0000000000
0.0011005607 0.0017670466 100.0000000000 100.0000000000
0.0010964867 0.0017603165 100.0000000000 100.0000000000
0.0010924415 0.0017536342 100.0000000000 100.0000000000
0.0010884248 0.0017469992 100.0000000000 100.0000000000
0.0010844363 0.0017404112 100.0000000000 100.0000000000
0.0010804758 0.0017338695 100.0000000000 100.0000000000
0.0010765429 0.0017273737 100.0000000000 100.0000000000
0.0010726373 0.0017209233 100.0000000000 100.0000000000
0.0010687588 0.0017145180 100.0000000000 100.0000000000
0.0010649072 0.0017081571 100.0000000000 100.0000000000
0.0010610820 0.0017018404 100.0000000000 100.0000000000
0.0010572832 0.0016955673 100.0000000000 100.0000000000
0.0010535103 0.0016893374 100.0000000000 100.0000000000
0.0010497632 0.0016831503 100.0000000000 100.0000000000
0.0010460416 0.0016770056 100.0000000000 100.0000000000
0.0010423452 0.0016709028 100.0000000000 100.0000000000
0.0010386738 0.0016648415 100.0000000000 100.0000000000
0.0010350271 0.0016588213 100.0000000000 100.0000000000
0.0010314049 0.0016528418 100.0000000000 100.0000000000
0.0010278070 0.0016469027 100.0000000000 100.0000000000
0.0010242331 0.0016410035 100.0000000000 100.0000000000
0.0010206830 0.0016351437 100.0000000000 100.0000000000
0.0010171564 0.0016293232 100.0000000000 100.0000000000
0.0010136531 0.0016235414 100.0000000000 100.0000000000
0.0010101730 0.0016177980 100.0000000000 100.0000000000
0.0010067157 0.0016120926 100.0000000000 100.0000000000
0.0010032811 0.0016064249 100.0000000000 100.0000000000
0.0009998689 0.0016007945 100.0000000000 100.0000000000
0.0009964789 0.0015952011 100.0000000000 100.0000000000
0.0009931109 0.0015896442 100.0000000000 100.0000000000
0.0009897648 0.0015841236 100.0000000000 100.0000000000
0.0009864402 0.0015786389 100.0000000000 100.0000000000
0.0009831370 0.0015731898 100.0000000000 100.0000000000
0.0009798550 0.0015677759 100.0000000000 100.0000000000
0.0009765940 0.0015623969 100.0000000000 100.0000000000
0.0009733538 0.0015570526 100.0000000000 100.0000000000
0.0009701342 0.0015517424 100.0000000000 100.0000000000
0.0009669350 0.0015464662 100.0000000000 100.0000000000
0.0009637561 0.0015412236 100.0000000000 100.0000000000
0.0009605971 0.0015360144 100.0000000000 100.0000000000
0.0009574580 0.0015308381 100.0000000000 100.0000000000
0.0009543386 0.0015256946 100.0000000000 100.0000000000
0.0009512387 0.0015205835 100.0000000000 100.0000000000
0.0009481580 0.0015155045 100.0000000000 100.0000000000
0.0009450965 0.0015104573 100.0000000000 100.0000000000
0.0009420539 0.0015054416 100.0000000000 100.0000000000
0.0009390302 0.0015004572 100.0000000000 100.0000000000
0.0009360250 0.0014955037 100.0000000000 100.0000000000
0.0009330383 0.0014905810 100.0000000000 100.0000000000
0.0009300699 0.0014856886 100.0000000000 100.0000000000
0.0009271196 0.0014808264 100.0000000000 100.0000000000
0.0009241872 0.0014759940 100.0000000000 100.0000000000
0.0009212727 0.0014711913 100.0000000000 100.0000000000
0.0009183757 0.0014664179 100.0000000000 100.0000000000
0.0009154963 0.0014616735 100.0000000000 100.0000000000
0.0009126342 0.0014569580 100.0000000000 100.0000000000
0.0009097892 0.0014522711 100.0000000000 100.0000000000
0.0009069613 0.0014476125 100.0000000000 100.0000000000
0.0009041502 0.0014429819 100.0000000000 100.0000000000
0.0009013559 0.0014383792 100.0000000000 100.0000000000
0.0008985782 0.0014338040 100.0000000000 100.0000000000
0.0008958169 0.0014292563 100.0000000000 100.0000000000
0.0008930719 0.0014247356 100.0000000000 100.0000000000
0.0008903430 0.0014202417 100.0000000000 100.0000000000
0.0008876301 0.0014157746 100.0000000000 100.0000000000
0.0008849332 0.0014113338 100.0000000000 100.0000000000
0.0008822519 0.0014069192 100.0000000000 100.0000000000
0.0008795863 0.0014025306 100.0000000000 100.0000000000
0.0008769361 0.0013981677 100.0000000000 100.0000000000
0.0008743013 0.0013938303 100.0000000000 100.0000000000
0.0008716817 0.0013895183 100.0000000000 100.0000000000
0.0008690772 0.0013852313 100.0000000000 100.0000000000
0.0008664876 0.0013809692 100.0000000000 100.0000000000
0.0008639128 0.0013767318 100.0000000000 100.0000000000
0.0008613528 0.0013725189 100.0000000000 100.0000000000
0.0008588073 0.0013683301 100.0000000000 100.0000000000
0.0008562763 0.0013641655 100.0000000000 100.0000000000
0.0008537596 0.0013600247 100.0000000000 100.0000000000
0.0008512572 0.0013559076 100.0000000000 100.0000000000
0.0008487688 0.0013518139 100.0000000000 100.0000000000
0.0008462944 0.0013477435 100.0000000000 100.0000000000
0.0008438339 0.0013436961 100.0000000000 100.0000000000
0.0008413872 0.0013396716 100.0000000000 100.0000000000
0.0008389541 0.0013356699 100.0000000000 100.0000000000
0.0008365345 0.0013316906 100.0000000000 100.0000000000
0.0008341284 0.0013277337 100.0000000000 100.0000000000
0.0008317355 0.0013237989 100.0000000000 100.0000000000
0.0008293559 0.0013198861 100.0000000000 100.0000000000
0.0008269894 0.0013159950 100.0000000000 100.0000000000
0.0008246358 0.0013121256 100.0000000000 100.0000000000
0.0008222951 0.0013082776 100.0000000000 100.0000000000
0.0008199673 0.0013044509 100.0000000000 100.0000000000
0.0008176521 0.0013006452 100.0000000000 100.0000000000
0.0008153494 0.0012968605 100.0000000000 100.0000000000
0.0008130593 0.0012930965 100.0000000000 100.0000000000
0.0008107815 0.0012893532 100.0000000000 100.0000000000
0.0008085160 0.0012856302 100.0000000000 100.0000000000
0.0008062627 0.0012819275 100.0000000000 100.0000000000
0.0008040215 0.0012782450 100.0000000000 100.0000000000
0.0008017923 0.0012745823 100.0000000000 100.0000000000
0.0007995750 0.0012709395 100.0000000000 100.0000000000
0.0007973694 0.0012673163 100.0000000000 100.0000000000
0.0007951756 0.0012637126 100.0000000000 100.0000000000
0.0007929935 0.0012601282 100.0000000000 100.0000000000
0.0007908228 0.0012565629 100.0000000000 100.0000000000
0.0007886636 0.0012530167 100.0000000000 100.0000000000
0.0007865157 0.0012494894 100.0000000000 100.0000000000
0.0007843791 0.0012459809 100.0000000000 100.0000000000
0.0007822537 0.0012424909 100.0000000000 100.0000000000
0.0007801394 0.0012390193 100.0000000000 100.0000000000
0.0007780361 0.0012355661 100.0000000000 100.0000000000
0.0007759437 0.0012321310 100.0000000000 100.0000000000
0.0007738621 0.0012287140 100.0000000000 100.0000000000
0.0007717913 0.0012253148 100.0000000000 100.0000000000
0.0007697312 0.0012219334 100.0000000000 100.0000000000
0.0007676817 0.0012185696 100.0000000000 100.0000000000
0.0007656427 0.0012152233 100.0000000000 100.0000000000
0.0007636141 0.0012118943 100.0000000000 100.0000000000
0.0007615959 0.0012085826 100.0000000000 100.0000000000
0.0007595880 0.0012052879 100.0000000000 100.0000000000
0.0007575902 0.0012020103 100.0000000000 100.0000000000
0.0007556026 0.0011987494 100.0000000000 100.0000000000
0.0007536251 0.0011955053 100.0000000000 100.0000000000
0.0007516575 0.0011922777 100.0000000000 100.0000000000
0.0007496998 0.0011890666 100.0000000000 100.0000000000
0.0007477520 0.0011858719 100.0000000000 100.0000000000
0.0007458139 0.0011826933 100.0000000000 100.0000000000
0.0007438855 0.0011795309 100.0000000000 100.0000000000
0.0007419667 0.0011763845 100.0000000000 100.0000000000
0.0007400574 0.0011732539 100.0000000000 100.0000000000
0.0007381577 0.0011701390 100.0000000000 100.0000000000
0.0007362673 0.0011670398 100.0000000000 100.0000000000
0.0007343863 0.0011639561 100.0000000000 100.0000000000
0.0007325145 0.0011608878 100.0000000000 100.0000000000
0.0007306519 0.0011578348 100.0000000000 100.0000000000
0.0007287985 0.0011547970 100.0000000000 100.0000000000
0.0007269542 0.0011517742 100.0000000000 100.0000000000
0.0007251188 0.0011487664 100.0000000000 100.0000000000
0.0007232924 0.0011457735 100.0000000000 100.0000000000
0.0007214749 0.0011427953 100.0000000000 100.0000000000
0.0007196661 0.0011398318 100.0000000000 100.0000000000
0.0007178662 0.0011368828 100.0000000000 100.0000000000
0.0007160749 0.0011339482 100.0000000000 100.0000000000
0.0007142922 0.0011310280 100.0000000000 100.0000000000
0.0007125181 0.0011281219 100.0000000000 100.0000000000
0.0007107525 0.0011252301 100.0000000000 100.0000000000
0.0007089954 0.0011223522 100.0000000000 100.0000000000
0.0007072466 0.0011194883 100.0000000000 100.0000000000
0.0007055061 0.0011166382 100.0000000000 100.0000000000
0.0007037740 0.0011138018 100.0000000000 100.0000000000
0.0007020500 0.0011109791 100.0000000000 100.0000000000
0.0007003342 0.0011081699 100.0000000000 100.0000000000
0.0006986265 0.0011053741 100.0000000000 100.0000000000
0.0006969268 0.0011025917 100.0000000000 100.0000000000
0.0006952351 0.0010998226 100.0000000000 100.0000000000
0.0006935513 0.0010970666 100.0000000000 100.0000000000
0.0006918754 0.0010943237 100.0000000000 100.0000000000
0.0006902074 0.0010915938 100.0000000000 100.0000000000
0.0006885471 0.0010888768 100.0000000000 100.0000000000
0.0006868945 0.0010861726 100.0000000000 100.0000000000
0.0006852495 0.0010834812 100.0000000000 100.0000000000
0.0006836122 0.0010808023 100.0000000000 100.0000000000
0.0006819824 0.0010781360 100.0000000000 100.0000000000
0.0006803602 0.0010754822 100.0000000000 100.0000000000
0.0006787454 0.0010728407 100.0000000000 100.0000000000
0.0006771380 0.0010702115 100.0000000000 100.0000000000
0.0006755379 0.0010675946 100.0000000000 100.0000000000
0.0006739452 0.0010649897 100.0000000000 100.0000000000
0.0006723597 0.0010623969 100.0000000000 100.0000000000
0.0006707814 0.0010598161 100.0000000000 100.0000000000
0.0006692103 0.0010572471 100.0000000000 100.0000000000
0.0006676463 0.0010546900 100.0000000000 100.0000000000
0.0006660893 0.0010521446 100.0000000000 100.0000000000
0.0006645394 0.0010496108 100.0000000000 100.0000000000
0.0006629964 0.0010470886 100.0000000000 100.0000000000
0.0006614604 0.0010445779 100.0000000000 100.0000000000
0.0006599312 0.0010420786 100.0000000000 100.0000000000
0.0006584089 0.0010395906 100.0000000000 100.0000000000
0.0006568933 0.0010371139 100.0000000000 100.0000000000
0.0006553845 0.0010346484 100.0000000000 100.0000000000
0.0006538824 0.0010321940 100.0000000000 100.0000000000
0.0006523870 0.0010297506 100.0000000000 100.0000000000
0.0006508982 0.0010273182 100.0000000000 100.0000000000
0.0006494159 0.0010248967 100.0000000000 100.0000000000
0.0006479402 0.0010224860 100.0000000000 100.0000000000
0.0006464709 0.0010200861 100.0000000000 100.0000000000
0.0006450081 0.0010176969 100.0000000000 100.0000000000
0.0006435517 0.0010153183 100.0000000000 100.0000000000
0.0006421016 0.0010129502 100.0000000000 100.0000000000
0.0006406579 0.0010105927 100.0000000000 100.0000000000
0.0006392204 0.0010082455 100.0000000000 100.0000000000
0.0006377892 0.0010059087 100.0000000000 100.0000000000
