0.1249982111 0.1249913279 67.1296296296 62.1301775148
0.1249938594 0.1249808850 67.1296296296 62.1301775148
0.1249864659 0.1249674415 67.1296296296 62.1301775148
0.1249769494 0.1249519061 67.1296296296 62.1301775148
0.1249659544 0.1249349159 67.1296296296 62.1301775148
0.1249539326 0.1249169171 67.1296296296 62.1301775148
0.1249412001 0.1248982221 67.1296296296 62.1301775148
0.1249279787 0.1248790499 67.1296296296 62.1301775148
0.1249144235 0.1248595538 67.1296296296 62.1301775148
0.1249006430 0.1248398410 67.1296296296 62.1301775148
0.1248867132 0.1248199867 67.1296296296 62.1301775148
0.1248726875 0.1248000435 67.1296296296 62.1301775148
0.1248586028 0.1247800480 67.1296296296 62.1301775148
0.1248444854 0.1247600262 67.1296296296 62.1301775148
0.1248303534 0.1247399958 67.1296296296 62.1301775148
0.1248162195 0.1247199696 67.1296296296 62.1301775148
0.1248020926 0.1246999561 67.1296296296 62.1301775148
0.1247879787 0.1246799615 67.1296296296 62.1301775148
0.1247738823 0.1246599900 67.1296296296 62.1301775148
0.1247598061 0.1246400444 67.1296296296 62.1301775148
0.1247457523 0.1246201266 67.1296296296 62.1301775148
0.1247317221 0.1246002379 67.1296296296 62.1301775148
0.1247177165 0.1245803790 67.1296296296 62.1301775148
0.1247037358 0.1245605504 67.1296296296 62.1301775148
0.1246897804 0.1245407520 67.1296296296 62.1301775148
0.1246758503 0.1245209839 67.1296296296 62.1301775148
0.1246619454 0.1245012457 67.1296296296 62.1301775148
0.1246480654 0.1244815369 67.1296296296 62.1301775148
0.1246342099 0.1244618568 67.1296296296 62.1301775148
0.1246203784 0.1244422045 67.1296296296 62.1301775148
0.1246065702 0.1244225790 67.1296296296 62.1301775148
0.1245927844 0.1244029789 67.1296296296 62.1301775148
0.1245790200 0.1243834025 67.1296296296 62.1301775148
0.1245652756 0.1243638478 67.1296296296 62.1301775148
0.1245515497 0.1243443123 67.1296296296 62.1301775148
0.1245378405 0.1243247930 67.1296296296 62.1301775148
0.1245241456 0.1243052865 67.1296296296 62.1301775148
0.1245104623 0.1242857882 67.1296296296 62.1301775148
0.1244967871 0.1242662930 67.1296296296 62.1301775148
0.1244831160 0.1242467943 67.1296296296 62.1301775148
0.1244694441 0.1242272845 67.1296296296 62.1301775148
0.1244557654 0.1242077540 67.1296296296 62.1301775148
0.1244420727 0.1241881917 67.1296296296 62.1301775148
0.1244283571 0.1241685835 67.1296296296 62.1301775148
0.1244146081 0.1241489127 67.1296296296 62.1301775148
0.1244008128 0.1241291592 67.1296296296 62.1301775148
0.1243869556 0.1241092983 67.1296296296 62.1301775148
0.1243730177 0.1240893001 67.1296296296 62.1301775148
0.1243589761 0.1240691288 67.1296296296 62.1301775148
0.1243448032 0.1240487406 67.1296296296 62.1301775148
0.1243304654 0.1240280826 67.1296296296 62.1301775148
0.1243159221 0.1240070908 67.1296296296 62.1301775148
0.1243011243 0.1239856879 67.1296296296 62.1301775148
0.1242860125 0.1239637800 67.1296296296 62.1301775148
0.1242705147 0.1239412539 67.1296296296 62.1301775148
0.1242545440 0.1239179726 67.1296296296 62.1301775148
0.1242379955 0.1238937707 67.1296296296 62.1301775148
0.1242207422 0.1238684481 67.1296296296 62.1301775148
0.1242026309 0.1238417637 67.1296296296 62.1301775148
0.1241834767 0.1238134266 67.1296296296 62.1301775148
0.1241630569 0.1237830863 67.1296296296 62.1301775148
0.1241411032 0.1237503209 67.1296296296 62.1301775148
0.1241172928 0.1237146235 67.1296296296 62.1301775148
0.1240912380 0.1236753853 67.1296296296 62.1301775148
0.1240624740 0.1236318773 67.1296296296 62.1301775148
0.1240304441 0.1235832279 67.1296296296 62.1301775148
0.1239944839 0.1235283978 67.1296296296 62.1301775148
0.1239538022 0.1234661518 67.1296296296 62.1301775148
0.1239074602 0.1233950278 67.1296296296 62.1301775148
0.1238543487 0.1233133026 67.1296296296 62.1301775148
0.1237931638 0.1232189574 67.1296296296 62.1301775148
0.1237223827 0.1231096439 67.1296296296 62.1301775148
0.1236402405 0.1229826537 67.1296296296 62.1301775148
0.1235447114 0.1228348972 67.1296296296 62.1301775148
0.1234334983 0.1226628975 67.1296296296 62.1301775148
0.1233040364 0.1224628090 67.1296296296 62.1301775148
0.1231535172 0.1222304719 67.1296296296 62.1301775148
0.1229789441 0.1219615178 67.1296296296 62.1301775148
0.1227772295 0.1216515409 67.1296296296 62.1301775148
0.1225453456 0.1212963511 67.1296296296 62.1301775148
0.1222805390 0.1208923198 67.1296296296 62.1301775148
0.1219806166 0.1204368192 67.1296296296 62.1301775148
0.1216442970 0.1199287400 67.1296296296 62.1301775148
0.1212716109 0.1193690453 67.1296296296 62.1301775148
0.1208643075 0.1187612895 67.1296296296 62.1301775148
0.1204262013 0.1181120019 67.1296296296 62.1301775148
0.1199633721 0.1174308147 67.1296296296 62.1301775148
0.1194841208 0.1167302284 67.1296296296 62.1301775148
0.1189986010 0.1160249516 67.1296296296 62.1301775148
0.1185180985 0.1153308367 67.1296296296 62.1301775148
0.1180540100 0.1146635402 67.1296296296 62.1301775148
0.1176166640 0.1140371217 67.1296296296 62.1301775148
0.1172142005 0.1134628400 67.1296296296 62.1301775148
0.1168517369 0.1129483649 67.1296296296 62.1301775148
0.1165309939 0.1124975228 67.1296296296 62.1301775148
0.1162504432 0.1121105634 67.1296296296 62.1301775148
0.1160059078 0.1117848183 67.1296296296 62.1301775148
0.1157914497 0.1115155635 67.1296296296 62.1301775148
0.1156003383 0.1112968979 67.1296296296 62.1301775148
0.1154259170 0.1111224991 67.1296296296 62.1301775148
0.1152622494 0.1109861816 67.1296296296 62.1301775148
0.1151045020 0.1108822463 67.1296296296 62.1301775148
0.1149490827 0.1108056511 67.1296296296 62.1301775148
0.1147935929 0.1107520515 67.1296296296 62.1301775148
0.1146366637 0.1107177601 67.1296296296 62.1301775148
0.1144777391 0.1106996686 67.1296296296 62.1301775148
0.1143168565 0.1106951579 67.1296296296 62.1301775148
0.1141544512 0.1107020148 67.1296296296 62.1301775148
0.1139912022 0.1107183597 66.8981481481 62.1301775148
0.1138279166 0.1107425887 66.8981481481 62.1301775148
0.1136654515 0.1107733271 66.6666666667 62.1301775148
0.1135046622 0.1108093916 66.4351851852 62.7218934911
0.1133463700 0.1108497610 66.4351851852 62.7218934911
0.1131913423 0.1108935515 65.9722222222 62.7218934911
0.1130402803 0.1109399967 65.9722222222 63.3136094675
0.1128938096 0.1109884327 66.4351851852 64.4970414201
0.1127524749 0.1110382855 65.9722222222 63.9053254438
0.1126167351 0.1110890620 66.4351851852 65.0887573964
0.1124869615 0.1111403429 66.4351851852 65.6804733728
0.1123634365 0.1111917771 66.4351851852 66.2721893491
0.1122463556 0.1112430765 66.2037037037 66.2721893491
0.1121358305 0.1112940105 65.9722222222 66.2721893491
0.1120318939 0.1113444000 65.7407407407 65.6804733728
0.1119345065 0.1113941107 65.9722222222 65.0887573964
0.1118435641 0.1114430456 65.7407407407 65.0887573964
0.1117589064 0.1114911369 65.9722222222 65.6804733728
0.1116803254 0.1115383378 65.9722222222 66.2721893491
0.1116075740 0.1115846156 65.9722222222 66.2721893491
0.1115403750 0.1116299442 65.9722222222 66.2721893491
0.1114784289 0.1116742993 65.7407407407 66.2721893491
0.1114214216 0.1117176544 65.7407407407 66.2721893491
0.1113690311 0.1117599779 66.2037037037 66.8639053254
0.1113209335 0.1118012327 65.9722222222 66.8639053254
0.1112768081 0.1118413760 65.7407407407 66.2721893491
0.1112363417 0.1118803604 65.5092592593 66.2721893491
0.1111992317 0.1119181363 65.5092592593 66.2721893491
0.1111651888 0.1119546537 65.0462962963 66.2721893491
0.1111339386 0.1119898647 65.2777777778 66.2721893491
0.1111052228 0.1120237256 65.0462962963 66.2721893491
0.1110787997 0.1120561991 65.0462962963 66.2721893491
0.1110544443 0.1120872558 65.5092592593 67.4556213018
0.1110319483 0.1121168748 65.2777777778 67.4556213018
0.1110111193 0.1121450444 65.2777777778 67.4556213018
0.1109917801 0.1121717625 65.2777777778 67.4556213018
0.1109737682 0.1121970354 65.5092592593 68.0473372781
0.1109569345 0.1122208778 65.7407407407 68.6390532544
0.1109411428 0.1122433114 65.7407407407 68.6390532544
0.1109262682 0.1122643639 65.7407407407 68.6390532544
0.1109121968 0.1122840680 65.7407407407 68.6390532544
0.1108988245 0.1123024599 65.9722222222 68.6390532544
0.1108860559 0.1123195783 65.9722222222 68.6390532544
0.1108738038 0.1123354636 65.9722222222 68.6390532544
0.1108619882 0.1123501568 65.9722222222 68.6390532544
0.1108505359 0.1123636989 65.9722222222 68.6390532544
0.1108393790 0.1123761300 65.9722222222 68.6390532544
0.1108284553 0.1123874894 65.7407407407 68.0473372781
0.1108177071 0.1123978149 65.7407407407 68.0473372781
0.1108070807 0.1124071425 65.7407407407 68.0473372781
0.1107965260 0.1124155065 65.9722222222 68.0473372781
0.1107859962 0.1124229391 65.7407407407 68.0473372781
0.1107754472 0.1124294706 65.7407407407 68.0473372781
0.1107648371 0.1124351294 65.7407407407 68.0473372781
0.1107541262 0.1124399416 65.5092592593 68.0473372781
0.1107432765 0.1124439317 65.5092592593 68.0473372781
0.1107322514 0.1124471218 65.5092592593 68.0473372781
0.1107210155 0.1124495322 65.5092592593 68.0473372781
0.1107095341 0.1124511814 65.5092592593 68.0473372781
0.1106977734 0.1124520857 65.5092592593 68.0473372781
0.1106857001 0.1124522596 65.7407407407 68.0473372781
0.1106732809 0.1124517156 65.7407407407 68.0473372781
0.1106604830 0.1124504641 65.7407407407 68.0473372781
0.1106472730 0.1124485140 65.7407407407 68.0473372781
0.1106336178 0.1124458719 65.7407407407 68.0473372781
0.1106194834 0.1124425424 65.7407407407 68.0473372781
0.1106048355 0.1124385286 65.7407407407 68.0473372781
0.1105896391 0.1124338311 65.7407407407 68.0473372781
0.1105738582 0.1124284490 65.7407407407 68.0473372781
0.1105574561 0.1124223791 65.7407407407 68.0473372781
0.1105403947 0.1124156166 65.7407407407 68.0473372781
0.1105226347 0.1124081543 65.7407407407 68.0473372781
0.1105041356 0.1123999834 65.7407407407 68.0473372781
0.1104848552 0.1123910928 65.5092592593 68.0473372781
0.1104647498 0.1123814695 65.5092592593 68.0473372781
0.1104437740 0.1123710983 65.5092592593 68.0473372781
0.1104218803 0.1123599621 65.5092592593 68.0473372781
0.1103990193 0.1123480414 65.7407407407 68.0473372781
0.1103751396 0.1123353147 65.7407407407 68.0473372781
0.1103501872 0.1123217581 65.7407407407 68.0473372781
0.1103241060 0.1123073453 65.9722222222 68.6390532544
0.1102968372 0.1122920479 65.9722222222 68.6390532544
0.1102683194 0.1122758347 65.9722222222 68.6390532544
0.1102384882 0.1122586721 65.9722222222 68.6390532544
0.1102072764 0.1122405238 65.9722222222 68.6390532544
0.1101746137 0.1122213509 66.2037037037 68.6390532544
0.1101404263 0.1122011112 66.2037037037 68.6390532544
0.1101046373 0.1121797600 66.2037037037 68.6390532544
0.1100671659 0.1121572493 66.2037037037 68.6390532544
0.1100279278 0.1121335278 66.2037037037 68.6390532544
0.1099868346 0.1121085408 66.2037037037 68.6390532544
0.1099437939 0.1120822302 66.2037037037 68.6390532544
0.1098987092 0.1120545342 66.2037037037 68.6390532544
0.1098514792 0.1120253871 66.2037037037 68.6390532544
0.1098019983 0.1119947190 66.2037037037 68.6390532544
0.1097501561 0.1119624562 66.2037037037 68.0473372781
0.1096958370 0.1119285204 65.9722222222 68.0473372781
0.1096389204 0.1118928287 65.9722222222 68.0473372781
0.1095792805 0.1118552935 66.2037037037 68.0473372781
0.1095167857 0.1118158223 66.2037037037 68.0473372781
0.1094512990 0.1117743176 66.2037037037 68.0473372781
0.1093826774 0.1117306765 66.2037037037 68.0473372781
0.1093107720 0.1116847906 66.2037037037 68.0473372781
0.1092354276 0.1116365460 66.2037037037 68.0473372781
0.1091564831 0.1115858231 66.2037037037 68.0473372781
0.1090737708 0.1115324964 66.2037037037 68.0473372781
0.1089871166 0.1114764343 66.2037037037 68.0473372781
0.1088963403 0.1114174995 66.2037037037 68.0473372781
0.1088012548 0.1113555486 66.2037037037 68.0473372781
0.1087016672 0.1112904321 66.2037037037 68.0473372781
0.1085973780 0.1112219947 66.4351851852 68.0473372781
0.1084881821 0.1111500755 66.4351851852 68.0473372781
0.1083738683 0.1110745080 66.4351851852 68.0473372781
0.1082542204 0.1109951206 66.6666666667 68.6390532544
0.1081290171 0.1109117369 66.4351851852 68.6390532544
0.1079980328 0.1108241762 66.4351851852 68.6390532544
0.1078610385 0.1107322543 66.4351851852 68.6390532544
0.1077178022 0.1106357837 66.4351851852 68.6390532544
0.1075680900 0.1105345752 66.4351851852 68.6390532544
0.1074116674 0.1104284381 66.4351851852 68.6390532544
0.1072483002 0.1103171817 66.4351851852 68.6390532544
0.1070777562 0.1102006166 66.6666666667 68.6390532544
0.1068998063 0.1100785556 66.6666666667 68.6390532544
0.1067142265 0.1099508152 66.6666666667 68.6390532544
0.1065207996 0.1098172177 66.8981481481 68.6390532544
0.1063193170 0.1096775918 66.8981481481 68.6390532544
0.1061095806 0.1095317753 66.6666666667 68.6390532544
0.1058914055 0.1093796163 66.6666666667 68.6390532544
0.1056646213 0.1092209750 66.8981481481 68.6390532544
0.1054290750 0.1090557257 67.1296296296 69.2307692308
0.1051846329 0.1088837582 67.1296296296 69.2307692308
0.1049311829 0.1087049801 66.8981481481 69.2307692308
0.1046686367 0.1085193180 66.6666666667 69.2307692308
0.1043969318 0.1083267191 66.6666666667 69.2307692308
0.1041160334 0.1081271524 66.6666666667 69.2307692308
0.1038259363 0.1079206105 66.8981481481 69.2307692308
0.1035266666 0.1077071098 67.1296296296 69.8224852071
0.1032182824 0.1074866917 67.1296296296 69.8224852071
0.1029008757 0.1072594229 67.1296296296 69.8224852071
0.1025745726 0.1070253955 67.1296296296 69.8224852071
0.1022395334 0.1067847268 67.1296296296 69.8224852071
0.1018959535 0.1065375590 67.5925925926 70.4142011834
0.1015440619 0.1062840582 67.3611111111 69.8224852071
0.1011841213 0.1060244134 67.3611111111 69.8224852071
0.1008164261 0.1057588348 67.5925925926 70.4142011834
0.1004413014 0.1054875527 67.5925925926 70.4142011834
0.1000591005 0.1052108148 67.8240740741 70.4142011834
0.0996702027 0.1049288846 67.8240740741 70.4142011834
0.0992750109 0.1046420392 67.8240740741 70.4142011834
0.0988739480 0.1043505665 68.2870370370 71.5976331361
0.0984674543 0.1040547632 68.5185185185 71.5976331361
0.0980559840 0.1037549322 68.7500000000 71.5976331361
0.0976400017 0.1034513802 69.2129629630 72.1893491124
0.0972199792 0.1031444156 69.4444444444 72.7810650888
0.0967963919 0.1028343465 69.6759259259 72.7810650888
0.0963697159 0.1025214782 69.6759259259 72.7810650888
0.0959404247 0.1022061121 69.6759259259 72.7810650888
0.0955089862 0.1018885436 69.6759259259 72.7810650888
0.0950758607 0.1015690611 69.9074074074 72.7810650888
0.0946414980 0.1012479446 70.1388888889 73.3727810651
0.0942063355 0.1009254649 70.6018518519 73.3727810651
0.0937707971 0.1006018829 70.8333333333 73.9644970414
0.0933352908 0.1002774488 71.2962962963 74.5562130178
0.0929002086 0.0999524018 71.2962962963 74.5562130178
0.0924659250 0.0996269704 71.5277777778 74.5562130178
0.0920327969 0.0993013713 71.7592592593 75.1479289941
0.0916011629 0.0989758104 71.7592592593 75.1479289941
0.0911713436 0.0986504826 71.7592592593 75.1479289941
0.0907436411 0.0983255721 71.7592592593 75.1479289941
0.0903183398 0.0980012527 71.7592592593 75.1479289941
0.0898957060 0.0976776885 72.2222222222 75.7396449704
0.0894759891 0.0973550341 72.2222222222 75.7396449704
0.0890594212 0.0970334354 72.4537037037 75.7396449704
0.0886462182 0.0967130302 72.6851851852 76.3313609467
0.0882365799 0.0963939484 72.6851851852 76.3313609467
0.0878306907 0.0960763131 72.6851851852 76.3313609467
0.0874287200 0.0957602409 73.1481481481 76.3313609467
0.0870308228 0.0954458424 72.9166666667 76.3313609467
0.0866371401 0.0951332231 73.3796296296 76.9230769231
0.0862477994 0.0948224833 74.0740740741 76.9230769231
0.0858629150 0.0945137188 74.0740740741 76.9230769231
0.0854825886 0.0942070214 74.0740740741 76.9230769231
0.0851069097 0.0939024789 74.0740740741 76.9230769231
0.0847359559 0.0936001754 74.0740740741 76.9230769231
0.0843697933 0.0933001915 74.3055555556 76.9230769231
0.0840084768 0.0930026043 74.7685185185 76.9230769231
0.0836520506 0.0927074874 74.7685185185 76.9230769231
0.0833005486 0.0924149109 74.7685185185 76.9230769231
0.0829539945 0.0921249412 75.0000000000 76.9230769231
0.0826124022 0.0918376410 75.4629629630 77.5147928994
0.0822757763 0.0915530688 75.4629629630 77.5147928994
0.0819441123 0.0912712790 75.4629629630 77.5147928994
0.0816173968 0.0909923215 75.4629629630 77.5147928994
0.0812956079 0.0907162413 75.4629629630 77.5147928994
0.0809787156 0.0904430783 75.4629629630 76.9230769231
0.0806666818 0.0901728673 75.6944444444 76.9230769231
0.0803594607 0.0899056372 75.6944444444 76.9230769231
0.0800569990 0.0896414108 75.6944444444 76.9230769231
0.0797592363 0.0893802051 75.6944444444 76.9230769231
0.0794661049 0.0891220302 75.6944444444 76.9230769231
0.0791775303 0.0888668897 75.6944444444 76.9230769231
0.0788934315 0.0886147801 75.6944444444 76.9230769231
0.0786137204 0.0883656910 75.6944444444 76.9230769231
0.0783383029 0.0881196043 75.6944444444 76.9230769231
0.0780670783 0.0878764946 75.6944444444 76.9230769231
0.0777999396 0.0876363288 75.4629629630 76.3313609467
0.0775367734 0.0873990661 75.4629629630 76.3313609467
0.0772774601 0.0871646576 75.6944444444 76.9230769231
0.0770218738 0.0869330463 75.6944444444 76.3313609467
0.0767698823 0.0867041674 75.6944444444 76.3313609467
0.0765213467 0.0864779475 75.6944444444 76.3313609467
0.0762761217 0.0862543049 75.6944444444 76.3313609467
0.0760340554 0.0860331494 75.6944444444 76.3313609467
0.0757949886 0.0858143822 75.6944444444 76.3313609467
0.0755587554 0.0855978956 75.9259259259 76.9230769231
0.0753251820 0.0853835731 75.9259259259 76.9230769231
0.0750940873 0.0851712888 76.1574074074 76.9230769231
0.0748652818 0.0849609077 76.1574074074 76.9230769231
0.0746385677 0.0847522849 76.1574074074 76.9230769231
0.0744137379 0.0845452657 76.1574074074 76.9230769231
0.0741905762 0.0843396852 76.1574074074 76.9230769231
0.0739688564 0.0841353679 75.9259259259 76.3313609467
0.0737483414 0.0839321275 75.9259259259 76.3313609467
0.0735287833 0.0837297661 75.6944444444 76.3313609467
0.0733099220 0.0835280743 75.6944444444 76.3313609467
0.0730914851 0.0833268302 75.6944444444 76.3313609467
0.0728731865 0.0831257994 75.9259259259 76.3313609467
0.0726547265 0.0829247343 76.1574074074 76.9230769231
0.0724357900 0.0827233733 76.1574074074 76.9230769231
0.0722160466 0.0825214408 76.1574074074 76.9230769231
0.0719951492 0.0823186465 76.3888888889 76.9230769231
0.0717727335 0.0821146848 76.3888888889 76.9230769231
0.0715484172 0.0819092345 76.3888888889 76.9230769231
0.0713217992 0.0817019587 76.3888888889 76.9230769231
0.0710924595 0.0814925040 76.1574074074 76.9230769231
0.0708599580 0.0812805008 76.1574074074 76.9230769231
0.0706238348 0.0810655632 76.3888888889 77.5147928994
0.0703836099 0.0808472891 76.6203703704 78.1065088757
0.0701387834 0.0806252608 76.8518518519 78.1065088757
0.0698888361 0.0803990455 76.8518518519 78.1065088757
0.0696332305 0.0801681965 77.0833333333 78.1065088757
0.0693714124 0.0799322543 77.0833333333 78.1065088757
0.0691028124 0.0796907489 77.0833333333 78.1065088757
0.0688268494 0.0794432014 77.5462962963 78.6982248521
0.0685429338 0.0791891272 77.5462962963 78.6982248521
0.0682504721 0.0789280393 76.8518518519 78.1065088757
0.0679488723 0.0786594520 77.0833333333 78.6982248521
0.0676375507 0.0783828853 77.5462962963 79.2899408284
0.0673159396 0.0780978704 77.5462962963 79.2899408284
0.0669834966 0.0778039541 77.7777777778 79.8816568047
0.0666397141 0.0775007059 78.2407407407 80.4733727811
0.0662841309 0.0771877228 78.2407407407 80.4733727811
0.0659163438 0.0768646361 78.7037037037 81.0650887574
0.0655360196 0.0765311166 78.9351851852 81.0650887574
0.0651429066 0.0761868801 78.7037037037 81.0650887574
0.0647368457 0.0758316909 79.3981481481 82.2485207101
0.0643177790 0.0754653653 79.3981481481 82.8402366864
0.0638857558 0.0750877728 79.8611111111 84.0236686391
0.0634409348 0.0746988356 80.3240740741 84.0236686391
0.0629835827 0.0742985270 80.5555555556 85.2071005917
0.0625140671 0.0738868676 80.5555555556 85.2071005917
0.0620328451 0.0734639209 80.7870370370 85.2071005917
0.0615404478 0.0730297868 81.2500000000 85.7988165680
0.0610374610 0.0725845962 81.9444444444 85.7988165680
0.0605245043 0.0721285035 82.1759259259 85.7988165680
0.0600022101 0.0716616809 82.6388888889 86.3905325444
0.0594712035 0.0711843116 82.6388888889 86.3905325444
0.0589320853 0.0706965838 82.6388888889 86.3905325444
0.0583854190 0.0701986856 82.8703703704 86.3905325444
0.0578317221 0.0696907996 82.8703703704 86.3905325444
0.0572714623 0.0691730994 83.1018518519 86.3905325444
0.0567050581 0.0686457462 83.5648148148 87.5739644970
0.0561328823 0.0681088886 83.5648148148 87.5739644970
0.0555552699 0.0675626628 83.5648148148 87.5739644970
0.0549725260 0.0670071960 84.0277777778 87.5739644970
0.0543849368 0.0664426121 84.0277777778 87.5739644970
0.0537927791 0.0658690392 84.2592592593 87.5739644970
0.0531963310 0.0652866180 84.2592592593 87.5739644970
0.0525958815 0.0646955123 84.2592592593 87.5739644970
0.0519917385 0.0640959184 84.2592592593 87.5739644970
0.0513842364 0.0634880744 84.9537037037 87.5739644970
0.0507737421 0.0628722682 84.9537037037 87.5739644970
0.0501606589 0.0622488426 84.9537037037 87.5739644970
0.0495454294 0.0616181994 84.9537037037 87.5739644970
0.0489285359 0.0609808004 85.6481481481 88.1656804734
0.0483104996 0.0603371658 86.1111111111 88.7573964497
0.0476918770 0.0596878708 86.1111111111 88.7573964497
0.0470732553 0.0590335401 86.3425925926 88.7573964497
0.0464552454 0.0583748412 86.3425925926 88.7573964497
0.0458384737 0.0577124754 87.2685185185 89.3491124260
0.0452235724 0.0570471692 87.5000000000 89.3491124260
0.0446111693 0.0563796637 87.7314814815 89.3491124260
0.0440018773 0.0557107043 87.9629629630 89.9408284024
0.0433962838 0.0550410304 88.6574074074 89.9408284024
0.0427949412 0.0543713647 89.3518518519 91.1242603550
0.0421983583 0.0537024030 90.0462962963 92.3076923077
0.0416069934 0.0530348057 90.5092592593 92.8994082840
0.0410212489 0.0523691889 90.7407407407 92.8994082840
0.0404414682 0.0517061183 90.9722222222 92.8994082840
0.0398679344 0.0510461039 91.2037037037 93.4911242604
0.0393008702 0.0503895961 91.8981481481 94.6745562130
0.0387404403 0.0497369848 92.3611111111 95.2662721893
0.0381867546 0.0490885986 92.5925925926 95.2662721893
0.0376398722 0.0484447065 92.5925925926 95.2662721893
0.0370998066 0.0478055202 93.2870370370 95.8579881657
0.0365665307 0.0471711981 93.7500000000 97.0414201183
0.0360399826 0.0465418492 94.2129629630 98.2248520710
0.0355200707 0.0459175381 94.6759259259 98.2248520710
0.0350066787 0.0452982905 94.6759259259 98.2248520710
0.0344996708 0.0446840983 94.9074074074 98.2248520710
0.0339988958 0.0440749252 95.1388888889 98.8165680473
0.0335041910 0.0434707124 95.1388888889 98.8165680473
0.0330153858 0.0428713834 95.1388888889 98.8165680473
0.0325323052 0.0422768500 95.1388888889 98.8165680473
0.0320547718 0.0416870161 95.1388888889 98.8165680473
0.0315826092 0.0411017827 95.1388888889 98.8165680473
0.0311156435 0.0405210516 95.1388888889 98.8165680473
0.0306537056 0.0399447291 95.1388888889 98.8165680473
0.0301966329 0.0393727287 95.3703703704 98.8165680473
0.0297442708 0.0388049736 95.3703703704 98.8165680473
0.0292964740 0.0382413987 95.3703703704 98.8165680473
0.0288531076 0.0376819520 95.6018518519 98.8165680473
0.0284140483 0.0371265952 95.8333333333 98.8165680473
0.0279791851 0.0365753046 95.8333333333 98.8165680473
0.0275484195 0.0360280705 95.8333333333 98.8165680473
0.0271216665 0.0354848972 95.8333333333 98.8165680473
0.0266988543 0.0349458023 95.8333333333 98.8165680473
0.0262799244 0.0344108151 95.8333333333 98.8165680473
0.0258648312 0.0338799762 95.8333333333 98.8165680473
0.0254535422 0.0333533354 95.8333333333 98.8165680473
0.0250460365 0.0328309510 96.2962962963 98.8165680473
0.0246423050 0.0323128879 96.5277777778 98.8165680473
0.0242423493 0.0317992166 96.7592592593 98.8165680473
0.0238461806 0.0312900121 96.7592592593 98.8165680473
0.0234538194 0.0307853527 96.7592592593 98.8165680473
0.0230652940 0.0302853193 96.7592592593 98.8165680473
0.0226806402 0.0297899947 96.7592592593 98.8165680473
0.0222998999 0.0292994631 96.9907407407 98.8165680473
0.0219231209 0.0288138098 96.9907407407 98.8165680473
0.0215503553 0.0283331207 97.2222222222 99.4082840237
0.0211816595 0.0278574823 97.2222222222 99.4082840237
0.0208170930 0.0273869814 97.2222222222 99.4082840237
0.0204567179 0.0269217052 97.2222222222 99.4082840237
0.0201005983 0.0264617406 97.4537037037 99.4082840237
0.0197487992 0.0260071748 97.4537037037 99.4082840237
0.0194013868 0.0255580940 97.6851851852 99.4082840237
0.0190584267 0.0251145840 97.6851851852 99.4082840237
0.0187199842 0.0246767291 97.9166666667 100.0000000000
0.0183861235 0.0242446123 97.9166666667 100.0000000000
0.0180569068 0.0238183142 98.1481481481 100.0000000000
0.0177323940 0.0233979127 98.1481481481 100.0000000000
0.0174126422 0.0229834823 98.1481481481 100.0000000000
0.0170977050 0.0225750939 98.1481481481 100.0000000000
0.0167876320 0.0221728136 98.1481481481 100.0000000000
0.0164824687 0.0217767024 98.1481481481 100.0000000000
0.0161822555 0.0213868158 98.3796296296 100.0000000000
0.0158870277 0.0210032032 98.3796296296 100.0000000000
0.0155968151 0.0206259071 98.3796296296 100.0000000000
0.0153116419 0.0202549633 98.6111111111 100.0000000000
0.0150315259 0.0198904001 98.6111111111 100.0000000000
0.0147564792 0.0195322382 98.6111111111 100.0000000000
0.0144865074 0.0191804907 98.6111111111 100.0000000000
0.0142216098 0.0188351627 98.6111111111 100.0000000000
0.0139617796 0.0184962515 98.6111111111 100.0000000000
0.0137070035 0.0181637467 98.8425925926 100.0000000000
0.0134572624 0.0178376298 98.8425925926 100.0000000000
0.0132125312 0.0175178751 98.8425925926 100.0000000000
0.0129727790 0.0172044495 98.8425925926 100.0000000000
0.0127379694 0.0168973128 99.0740740741 100.0000000000
0.0125080609 0.0165964180 99.0740740741 100.0000000000
0.0122830070 0.0163017119 99.3055555556 100.0000000000
0.0120627565 0.0160131352 99.3055555556 100.0000000000
0.0118472541 0.0157306230 99.3055555556 100.0000000000
0.0116364403 0.0154541051 99.3055555556 100.0000000000
0.0114302524 0.0151835067 99.3055555556 100.0000000000
0.0112286239 0.0149187486 99.3055555556 100.0000000000
0.0110314858 0.0146597476 99.3055555556 100.0000000000
0.0108387663 0.0144064171 99.5370370370 100.0000000000
0.0106503915 0.0141586674 99.5370370370 100.0000000000
0.0104662853 0.0139164059 99.5370370370 100.0000000000
0.0102863703 0.0136795380 99.5370370370 100.0000000000
0.0101105674 0.0134479670 99.5370370370 100.0000000000
0.0099387967 0.0132215946 99.5370370370 100.0000000000
0.0097709774 0.0130003214 99.5370370370 100.0000000000
0.0096070281 0.0127840468 99.5370370370 100.0000000000
0.0094468672 0.0125726697 99.5370370370 100.0000000000
0.0092904129 0.0123660887 99.5370370370 100.0000000000
0.0091375833 0.0121642022 99.7685185185 100.0000000000
0.0089882972 0.0119669087 99.7685185185 100.0000000000
0.0088424735 0.0117741070 99.7685185185 100.0000000000
0.0087000316 0.0115856965 99.7685185185 100.0000000000
0.0085608919 0.0114015772 99.7685185185 100.0000000000
0.0084249755 0.0112216502 99.7685185185 100.0000000000
0.0082922043 0.0110458173 99.7685185185 100.0000000000
0.0081625014 0.0108739816 99.7685185185 100.0000000000
0.0080357911 0.0107060474 99.7685185185 100.0000000000
0.0079119986 0.0105419203 99.7685185185 100.0000000000
0.0077910507 0.0103815076 99.7685185185 100.0000000000
0.0076728751 0.0102247178 99.7685185185 100.0000000000
0.0075574013 0.0100714611 99.7685185185 100.0000000000
0.0074445599 0.0099216493 99.7685185185 100.0000000000
0.0073342829 0.0097751959 99.7685185185 100.0000000000
0.0072265039 0.0096320161 99.7685185185 100.0000000000
0.0071211578 0.0094920269 99.7685185185 100.0000000000
0.0070181811 0.0093551469 100.0000000000 100.0000000000
0.0069175117 0.0092212966 100.0000000000 100.0000000000
0.0068190890 0.0090903983 100.0000000000 100.0000000000
0.0067228536 0.0089623760 100.0000000000 100.0000000000
0.0066287481 0.0088371555 100.0000000000 100.0000000000
0.0065367160 0.0087146643 100.0000000000 100.0000000000
0.0064467026 0.0085948319 100.0000000000 100.0000000000
0.0063586544 0.0084775892 100.0000000000 100.0000000000
0.0062725194 0.0083628691 100.0000000000 100.0000000000
0.0061882470 0.0082506061 100.0000000000 100.0000000000
0.0061057878 0.0081407365 100.0000000000 100.0000000000
0.0060250940 0.0080331980 100.0000000000 100.0000000000
0.0059461188 0.0079279302 100.0000000000 100.0000000000
0.0058688168 0.0078248741 100.0000000000 100.0000000000
0.0057931441 0.0077239725 100.0000000000 100.0000000000
0.0057190576 0.0076251695 100.0000000000 100.0000000000
0.0056465157 0.0075284109 100.0000000000 100.0000000000
0.0055754779 0.0074336439 100.0000000000 100.0000000000
0.0055059049 0.0073408172 100.0000000000 100.0000000000
0.0054377583 0.0072498808 100.0000000000 100.0000000000
0.0053710010 0.0071607862 100.0000000000 100.0000000000
0.0053055970 0.0070734863 100.0000000000 100.0000000000
0.0052415112 0.0069879352 100.0000000000 100.0000000000
0.0051787095 0.0069040883 100.0000000000 100.0000000000
0.0051171589 0.0068219022 100.0000000000 100.0000000000
0.0050568273 0.0067413350 100.0000000000 100.0000000000
0.0049976835 0.0066623455 100.0000000000 100.0000000000
0.0049396971 0.0065848942 100.0000000000 100.0000000000
0.0048828388 0.0065089424 100.0000000000 100.0000000000
0.0048270801 0.0064344525 100.0000000000 100.0000000000
0.0047723932 0.0063613881 100.0000000000 100.0000000000
0.0047187511 0.0062897136 100.0000000000 100.0000000000
0.0046661278 0.0062193948 100.0000000000 100.0000000000
0.0046144978 0.0061503981 100.0000000000 100.0000000000
0.0045638365 0.0060826910 100.0000000000 100.0000000000
0.0045141200 0.0060162420 100.0000000000 100.0000000000
0.0044653249 0.0059510202 100.0000000000 100.0000000000
0.0044174286 0.0058869960 100.0000000000 100.0000000000
0.0043704094 0.0058241404 100.0000000000 100.0000000000
0.0043242457 0.0057624251 100.0000000000 100.0000000000
0.0042789170 0.0057018227 100.0000000000 100.0000000000
0.0042344031 0.0056423068 100.0000000000 100.0000000000
0.0041906844 0.0055838515 100.0000000000 100.0000000000
0.0041477421 0.0055264315 100.0000000000 100.0000000000
0.0041055576 0.0054700225 100.0000000000 100.0000000000
0.0040641130 0.0054146007 100.0000000000 100.0000000000
0.0040233909 0.0053601432 100.0000000000 100.0000000000
0.0039833744 0.0053066273 100.0000000000 100.0000000000
0.0039440471 0.0052540313 100.0000000000 100.0000000000
0.0039053928 0.0052023340 100.0000000000 100.0000000000
0.0038673962 0.0051515147 100.0000000000 100.0000000000
0.0038300420 0.0051015534 100.0000000000 100.0000000000
0.0037933156 0.0050524306 100.0000000000 100.0000000000
0.0037572027 0.0050041272 100.0000000000 100.0000000000
0.0037216894 0.0049566249 100.0000000000 100.0000000000
0.0036867622 0.0049099056 100.0000000000 100.0000000000
0.0036524079 0.0048639519 100.0000000000 100.0000000000
0.0036186137 0.0048187468 100.0000000000 100.0000000000
0.0035853672 0.0047742737 100.0000000000 100.0000000000
0.0035526564 0.0047305165 100.0000000000 100.0000000000
0.0035204694 0.0046874595 100.0000000000 100.0000000000
0.0034887947 0.0046450876 100.0000000000 100.0000000000
0.0034576212 0.0046033857 100.0000000000 100.0000000000
0.0034269381 0.0045623396 100.0000000000 100.0000000000
0.0033967347 0.0045219350 100.0000000000 100.0000000000
0.0033670009 0.0044821583 100.0000000000 100.0000000000
0.0033377265 0.0044429962 100.0000000000 100.0000000000
0.0033089018 0.0044044356 100.0000000000 100.0000000000
0.0032805174 0.0043664638 100.0000000000 100.0000000000
0.0032525639 0.0043290686 100.0000000000 100.0000000000
0.0032250323 0.0042922379 100.0000000000 100.0000000000
0.0031979139 0.0042559600 100.0000000000 100.0000000000
0.0031712001 0.0042202235 100.0000000000 100.0000000000
0.0031448827 0.0041850172 100.0000000000 100.0000000000
0.0031189533 0.0041503304 100.0000000000 100.0000000000
0.0030934042 0.0041161524 100.0000000000 100.0000000000
0.0030682276 0.0040824730 100.0000000000 100.0000000000
0.0030434160 0.0040492821 100.0000000000 100.0000000000
0.0030189621 0.0040165699 100.0000000000 100.0000000000
0.0029948586 0.0039843269 100.0000000000 100.0000000000
0.0029710987 0.0039525437 100.0000000000 100.0000000000
0.0029476756 0.0039212113 100.0000000000 100.0000000000
0.0029245826 0.0038903208 100.0000000000 100.0000000000
0.0029018131 0.0038598636 100.0000000000 100.0000000000
0.0028793611 0.0038298313 100.0000000000 100.0000000000
0.0028572202 0.0038002155 100.0000000000 100.0000000000
0.0028353844 0.0037710083 100.0000000000 100.0000000000
0.0028138480 0.0037422019 100.0000000000 100.0000000000
0.0027926051 0.0037137886 100.0000000000 100.0000000000
0.0027716502 0.0036857609 100.0000000000 100.0000000000
0.0027509779 0.0036581115 100.0000000000 100.0000000000
0.0027305827 0.0036308333 100.0000000000 100.0000000000
0.0027104596 0.0036039195 100.0000000000 100.0000000000
0.0026906035 0.0035773631 100.0000000000 100.0000000000
0.0026710093 0.0035511575 100.0000000000 100.0000000000
0.0026516723 0.0035252964 100.0000000000 100.0000000000
0.0026325877 0.0034997732 100.0000000000 100.0000000000
0.0026137509 0.0034745820 100.0000000000 100.0000000000
0.0025951574 0.0034497166 100.0000000000 100.0000000000
0.0025768028 0.0034251712 100.0000000000 100.0000000000
0.0025586827 0.0034009399 100.0000000000 100.0000000000
0.0025407931 0.0033770172 100.0000000000 100.0000000000
0.0025231296 0.0033533975 100.0000000000 100.0000000000
0.0025056884 0.0033300754 100.0000000000 100.0000000000
0.0024884655 0.0033070458 100.0000000000 100.0000000000
0.0024714571 0.0032843034 100.0000000000 100.0000000000
0.0024546594 0.0032618432 100.0000000000 100.0000000000
0.0024380686 0.0032396603 100.0000000000 100.0000000000
0.0024216813 0.0032177499 100.0000000000 100.0000000000
0.0024054940 0.0031961073 100.0000000000 100.0000000000
0.0023895031 0.0031747278 100.0000000000 100.0000000000
0.0023737053 0.0031536070 100.0000000000 100.0000000000
0.0023580973 0.0031327405 100.0000000000 100.0000000000
0.0023426759 0.0031121240 100.0000000000 100.0000000000
0.0023274380 0.0030917531 100.0000000000 100.0000000000
0.0023123805 0.0030716239 100.0000000000 100.0000000000
0.0022975003 0.0030517323 100.0000000000 100.0000000000
0.0022827945 0.0030320742 100.0000000000 100.0000000000
0.0022682602 0.0030126459 100.0000000000 100.0000000000
0.0022538946 0.0029934436 100.0000000000 100.0000000000
0.0022396950 0.0029744635 100.0000000000 100.0000000000
0.0022256585 0.0029557020 100.0000000000 100.0000000000
0.0022117825 0.0029371555 100.0000000000 100.0000000000
0.0021980646 0.0029188207 100.0000000000 100.0000000000
0.0021845020 0.0029006939 100.0000000000 100.0000000000
0.0021710923 0.0028827720 100.0000000000 100.0000000000
0.0021578330 0.0028650517 100.0000000000 100.0000000000
0.0021447218 0.0028475296 100.0000000000 100.0000000000
0.0021317564 0.0028302028 100.0000000000 100.0000000000
0.0021189343 0.0028130680 100.0000000000 100.0000000000
0.0021062535 0.0027961223 100.0000000000 100.0000000000
0.0020937116 0.0027793628 100.0000000000 100.0000000000
0.0020813065 0.0027627865 100.0000000000 100.0000000000
0.0020690360 0.0027463906 100.0000000000 100.0000000000
0.0020568982 0.0027301723 100.0000000000 100.0000000000
0.0020448909 0.0027141289 100.0000000000 100.0000000000
0.0020330122 0.0026982577 100.0000000000 100.0000000000
0.0020212601 0.0026825560 100.0000000000 100.0000000000
0.0020096327 0.0026670214 100.0000000000 100.0000000000
0.0019981281 0.0026516513 100.0000000000 100.0000000000
0.0019867444 0.0026364431 100.0000000000 100.0000000000
0.0019754799 0.0026213946 100.0000000000 100.0000000000
0.0019643328 0.0026065032 100.0000000000 100.0000000000
0.0019533013 0.0025917667 100.0000000000 100.0000000000
0.0019423837 0.0025771828 100.0000000000 100.0000000000
0.0019315784 0.0025627492 100.0000000000 100.0000000000
0.0019208836 0.0025484638 100.0000000000 100.0000000000
0.0019102979 0.0025343243 100.0000000000 100.0000000000
0.0018998195 0.0025203286 100.0000000000 100.0000000000
0.0018894470 0.0025064747 100.0000000000 100.0000000000
0.0018791788 0.0024927605 100.0000000000 100.0000000000
0.0018690135 0.0024791840 100.0000000000 100.0000000000
0.0018589495 0.0024657432 100.0000000000 100.0000000000
0.0018489854 0.0024524362 100.0000000000 100.0000000000
0.0018391198 0.0024392611 100.0000000000 100.0000000000
0.0018293512 0.0024262161 100.0000000000 100.0000000000
0.0018196785 0.0024132992 100.0000000000 100.0000000000
0.0018101001 0.0024005088 100.0000000000 100.0000000000
0.0018006148 0.0023878430 100.0000000000 100.0000000000
0.0017912213 0.0023753001 100.0000000000 100.0000000000
0.0017819183 0.0023628784 100.0000000000 100.0000000000
0.0017727046 0.0023505762 100.0000000000 100.0000000000
0.0017635789 0.0023383919 100.0000000000 100.0000000000
0.0017545400 0.0023263239 100.0000000000 100.0000000000
0.0017455868 0.0023143706 100.0000000000 100.0000000000
0.0017367181 0.0023025304 100.0000000000 100.0000000000
0.0017279327 0.0022908018 100.0000000000 100.0000000000
0.0017192296 0.0022791833 100.0000000000 100.0000000000
0.0017106076 0.0022676735 100.0000000000 100.0000000000
0.0017020657 0.0022562708 100.0000000000 100.0000000000
0.0016936027 0.0022449738 100.0000000000 100.0000000000
0.0016852177 0.0022337812 100.0000000000 100.0000000000
0.0016769095 0.0022226915 100.0000000000 100.0000000000
0.0016686773 0.0022117034 100.0000000000 100.0000000000
0.0016605199 0.0022008156 100.0000000000 100.0000000000
0.0016524365 0.0021900268 100.0000000000 100.0000000000
0.0016444260 0.0021793356 100.0000000000 100.0000000000
0.0016364876 0.0021687409 100.0000000000 100.0000000000
0.0016286202 0.0021582413 100.0000000000 100.0000000000
0.0016208230 0.0021478356 100.0000000000 100.0000000000
0.0016130951 0.0021375227 100.0000000000 100.0000000000
0.0016054356 0.0021273013 100.0000000000 100.0000000000
0.0015978436 0.0021171703 100.0000000000 100.0000000000
0.0015903182 0.0021071285 100.0000000000 100.0000000000
0.0015828587 0.0020971748 100.0000000000 100.0000000000
0.0015754642 0.0020873082 100.0000000000 100.0000000000
0.0015681339 0.0020775274 100.0000000000 100.0000000000
0.0015608669 0.0020678315 100.0000000000 100.0000000000
0.0015536626 0.0020582194 100.0000000000 100.0000000000
0.0015465200 0.0020486900 100.0000000000 100.0000000000
0.0015394386 0.0020392423 100.0000000000 100.0000000000
0.0015324174 0.0020298754 100.0000000000 100.0000000000
0.0015254558 0.0020205881 100.0000000000 100.0000000000
0.0015185530 0.0020113796 100.0000000000 100.0000000000
0.0015117084 0.0020022489 100.0000000000 100.0000000000
0.0015049212 0.0019931951 100.0000000000 100.0000000000
0.0014981907 0.0019842171 100.0000000000 100.0000000000
0.0014915163 0.0019753142 100.0000000000 100.0000000000
0.0014848973 0.0019664854 100.0000000000 100.0000000000
0.0014783329 0.0019577298 100.0000000000 100.0000000000
0.0014718227 0.0019490465 100.0000000000 100.0000000000
0.0014653658 0.0019404347 100.0000000000 100.0000000000
0.0014589618 0.0019318935 100.0000000000 100.0000000000
0.0014526099 0.0019234222 100.0000000000 100.0000000000
0.0014463095 0.0019150198 100.0000000000 100.0000000000
0.0014400602 0.0019066856 100.0000000000 100.0000000000
0.0014338611 0.0018984188 100.0000000000 100.0000000000
0.0014277119 0.0018902186 100.0000000000 100.0000000000
0.0014216118 0.0018820842 100.0000000000 100.0000000000
0.0014155604 0.0018740149 100.0000000000 100.0000000000
0.0014095571 0.0018660099 100.0000000000 100.0000000000
0.0014036013 0.0018580684 100.0000000000 100.0000000000
0.0013976924 0.0018501899 100.0000000000 100.0000000000
0.0013918300 0.0018423734 100.0000000000 100.0000000000
0.0013860135 0.0018346184 100.0000000000 100.0000000000
0.0013802425 0.0018269241 100.0000000000 100.0000000000
0.0013745163 0.0018192899 100.0000000000 100.0000000000
0.0013688345 0.0018117150 100.0000000000 100.0000000000
0.0013631966 0.0018041988 100.0000000000 100.0000000000
0.0013576021 0.0017967407 100.0000000000 100.0000000000
0.0013520505 0.0017893400 100.0000000000 100.0000000000
0.0013465413 0.0017819961 100.0000000000 100.0000000000
0.0013410741 0.0017747083 100.0000000000 100.0000000000
0.0013356484 0.0017674760 100.0000000000 100.0000000000
0.0013302638 0.0017602987 100.0000000000 100.0000000000
0.0013249198 0.0017531756 100.0000000000 100.0000000000
0.0013196160 0.0017461063 100.0000000000 100.0000000000
0.0013143519 0.0017390901 100.0000000000 100.0000000000
0.0013091270 0.0017321265 100.0000000000 100.0000000000
0.0013039411 0.0017252148 100.0000000000 100.0000000000
0.0012987936 0.0017183546 100.0000000000 100.0000000000
0.0012936842 0.0017115453 100.0000000000 100.0000000000
0.0012886124 0.0017047863 100.0000000000 100.0000000000
0.0012835778 0.0016980771 100.0000000000 100.0000000000
0.0012785801 0.0016914171 100.0000000000 100.0000000000
0.0012736189 0.0016848059 100.0000000000 100.0000000000
0.0012686937 0.0016782430 100.0000000000 100.0000000000
0.0012638042 0.0016717277 100.0000000000 100.0000000000
0.0012589500 0.0016652597 100.0000000000 100.0000000000
0.0012541307 0.0016588384 100.0000000000 100.0000000000
0.0012493461 0.0016524634 100.0000000000 100.0000000000
0.0012445956 0.0016461341 100.0000000000 100.0000000000
0.0012398791 0.0016398501 100.0000000000 100.0000000000
0.0012351960 0.0016336109 100.0000000000 100.0000000000
0.0012305462 0.0016274161 100.0000000000 100.0000000000
0.0012259291 0.0016212651 100.0000000000 100.0000000000
0.0012213446 0.0016151577 100.0000000000 100.0000000000
0.0012167922 0.0016090932 100.0000000000 100.0000000000
0.0012122717 0.0016030713 100.0000000000 100.0000000000
0.0012077827 0.0015970915 100.0000000000 100.0000000000
0.0012033249 0.0015911534 100.0000000000 100.0000000000
0.0011988980 0.0015852567 100.0000000000 100.0000000000
0.0011945017 0.0015794008 100.0000000000 100.0000000000
0.0011901356 0.0015735853 100.0000000000 100.0000000000
0.0011857995 0.0015678100 100.0000000000 100.0000000000
0.0011814931 0.0015620742 100.0000000000 100.0000000000
0.0011772161 0.0015563778 100.0000000000 100.0000000000
0.0011729681 0.0015507202 100.0000000000 100.0000000000
0.0011687489 0.0015451012 100.0000000000 100.0000000000
0.0011645583 0.0015395202 100.0000000000 100.0000000000
0.0011603959 0.0015339770 100.0000000000 100.0000000000
0.0011562615 0.0015284712 100.0000000000 100.0000000000
0.0011521547 0.0015230023 100.0000000000 100.0000000000
0.0011480754 0.0015175701 100.0000000000 100.0000000000
0.0011440232 0.0015121742 100.0000000000 100.0000000000
0.0011399980 0.0015068143 100.0000000000 100.0000000000
0.0011359993 0.0015014899 100.0000000000 100.0000000000
0.0011320271 0.0014962008 100.0000000000 100.0000000000
0.0011280810 0.0014909467 100.0000000000 100.0000000000
0.0011241607 0.0014857271 100.0000000000 100.0000000000
0.0011202661 0.0014805417 100.0000000000 100.0000000000
0.0011163969 0.0014753903 100.0000000000 100.0000000000
0.0011125528 0.0014702725 100.0000000000 100.0000000000
0.0011087336 0.0014651879 100.0000000000 100.0000000000
0.0011049391 0.0014601364 100.0000000000 100.0000000000
0.0011011691 0.0014551175 100.0000000000 100.0000000000
0.0010974233 0.0014501309 100.0000000000 100.0000000000
0.0010937014 0.0014451764 100.0000000000 100.0000000000
0.0010900034 0.0014402537 100.0000000000 100.0000000000
0.0010863289 0.0014353625 100.0000000000 100.0000000000
0.0010826777 0.0014305024 100.0000000000 100.0000000000
0.0010790496 0.0014256732 100.0000000000 100.0000000000
0.0010754445 0.0014208746 100.0000000000 100.0000000000
0.0010718620 0.0014161063 100.0000000000 100.0000000000
0.0010683020 0.0014113680 100.0000000000 100.0000000000
0.0010647643 0.0014066595 100.0000000000 100.0000000000
0.0010612487 0.0014019805 100.0000000000 100.0000000000
0.0010577550 0.0013973308 100.0000000000 100.0000000000
